# author: Hannah Earnshaw	
# source: 	
# date_created: 2026-01-28	
# date_modified: 2026-02-05	
# status: estimated	
# orig_filename: mirror_reflectivity.csv (24nm)	
# wavelength_unit: nm
# changes:
#   - 2026-02-05 Reflection units changed from percent to frac

wavelength reflection
110.0    0.722532
111.0    0.741199
112.0    0.757730
113.0    0.772427
114.0    0.778793
115.0    0.780857
116.0    0.781790
117.0    0.790417
118.0    0.801110
119.0    0.811854
120.0    0.822753
121.0    0.833591
122.0    0.840995
123.0    0.842745
124.0    0.844386
125.0    0.845843
126.0    0.847072
127.0    0.848340
128.0    0.849696
129.0    0.851190
130.0    0.852870
131.0    0.854788
132.0    0.856994
133.0    0.859536
134.0    0.861497
135.0    0.862109
136.0    0.862604
137.0    0.863065
138.0    0.863454
139.0    0.863691
140.0    0.863900
141.0    0.864263
142.0    0.864598
143.0    0.864905
144.0    0.865202
145.0    0.865503
146.0    0.865564
147.0    0.865613
148.0    0.865648
149.0    0.865672
150.0    0.865685
151.0    0.865729
152.0    0.865762
153.0    0.865784
154.0    0.865798
155.0    0.864932
156.0    0.863353
157.0    0.861845
158.0    0.860419
159.0    0.859086
160.0    0.857856
161.0    0.856631
162.0    0.855401
163.0    0.854186
164.0    0.852988
165.0    0.851810
166.0    0.850525
167.0    0.849267
168.0    0.848038
169.0    0.846839
170.0    0.845673
171.0    0.844874
172.0    0.844099
173.0    0.843349
174.0    0.842627
175.0    0.841932
176.0    0.841263
177.0    0.840625
178.0    0.839874
179.0    0.839136
180.0    0.838433
181.0    0.839797
182.0    0.841194
183.0    0.842619
184.0    0.844074
185.0    0.845554
186.0    0.846924
187.0    0.848321
188.0    0.849743
189.0    0.851189
190.0    0.852656
191.0    0.854142
192.0    0.855646
193.0    0.857166
194.0    0.858699
195.0    0.860244
196.0    0.861761
197.0    0.863287
198.0    0.864822
199.0    0.866362
200.0    0.867907
201.0    0.868135
202.0    0.868379
203.0    0.868639
204.0    0.868915
205.0    0.869205
206.0    0.869557
207.0    0.869883
208.0    0.870155
209.0    0.870440
210.0    0.870737
211.0    0.870961
212.0    0.871200
213.0    0.871453
214.0    0.871719
215.0    0.871999
216.0    0.872330
217.0    0.872671
218.0    0.873023
219.0    0.873384
220.0    0.873755
221.0    0.874095
222.0    0.874444
223.0    0.874801
224.0    0.875167
225.0    0.875541
226.0    0.875906
227.0    0.876279
228.0    0.876549
229.0    0.876779
230.0    0.877018
231.0    0.877253
232.0    0.877497
233.0    0.877748
234.0    0.878007
235.0    0.878272
236.0    0.878549
237.0    0.878831
238.0    0.879078
239.0    0.879260
240.0    0.879449
241.0    0.879660
242.0    0.879878
243.0    0.880101
244.0    0.880330
245.0    0.880565
246.0    0.880765
247.0    0.880971
248.0    0.881186
249.0    0.881489
250.0    0.881796
251.0    0.882094
252.0    0.882396
253.0    0.882702
254.0    0.883011
255.0    0.883324
256.0    0.883632
257.0    0.883943
258.0    0.884257
259.0    0.884574
260.0    0.884893
261.0    0.885203
262.0    0.885516
263.0    0.885831
264.0    0.886106
265.0    0.886346
266.0    0.886593
267.0    0.886844
268.0    0.887097
269.0    0.887352
270.0    0.887611
271.0    0.887861
272.0    0.888115
273.0    0.888371
274.0    0.888629
275.0    0.888889
276.0    0.889148
277.0    0.889409
278.0    0.889672
279.0    0.889935
280.0    0.890158
281.0    0.890378
282.0    0.890600
283.0    0.890825
284.0    0.891051
285.0    0.891280
286.0    0.891510
287.0    0.891742
288.0    0.891975
289.0    0.892210
290.0    0.892447
291.0    0.892684
292.0    0.892923
293.0    0.893163
294.0    0.893404
295.0    0.893619
296.0    0.893811
297.0    0.894005
298.0    0.894200
299.0    0.894398
300.0    0.894596
301.0    0.894793
302.0    0.894991
303.0    0.895191
304.0    0.895391
305.0    0.895593
306.0    0.895796
307.0    0.896000
308.0    0.896205
309.0    0.896411
310.0    0.896612
311.0    0.896688
312.0    0.896767
313.0    0.896848
314.0    0.896932
315.0    0.897019
316.0    0.897108
317.0    0.897199
318.0    0.897293
319.0    0.897389
320.0    0.897487
321.0    0.897585
322.0    0.897685
323.0    0.897787
324.0    0.897891
325.0    0.897997
326.0    0.898104
327.0    0.898259
328.0    0.898433
329.0    0.898608
330.0    0.898783
331.0    0.898958
332.0    0.899134
333.0    0.899311
334.0    0.899488
335.0    0.899666
336.0    0.899834
337.0    0.899932
338.0    0.900033
339.0    0.900134
340.0    0.900238
341.0    0.900341
342.0    0.900445
343.0    0.900551
344.0    0.900658
345.0    0.900766
346.0    0.900846
347.0    0.900901
348.0    0.900958
349.0    0.901017
350.0    0.901077
351.0    0.901139
352.0    0.901203
353.0    0.901268
354.0    0.901335
355.0    0.901404
356.0    0.901473
357.0    0.901545
358.0    0.901617
359.0    0.901691
360.0    0.901766
361.0    0.901842
362.0    0.901918
363.0    0.901996
364.0    0.902075
365.0    0.902166
366.0    0.902279
367.0    0.902392
368.0    0.902507
369.0    0.902622
370.0    0.902738
371.0    0.902854
372.0    0.902971
373.0    0.903089
374.0    0.903208
375.0    0.903327
376.0    0.903446
377.0    0.903567
378.0    0.903687
379.0    0.903809
380.0    0.903931
381.0    0.904052
382.0    0.904174
383.0    0.904297
384.0    0.904420
385.0    0.904543
386.0    0.904667
387.0    0.904791
388.0    0.904915
389.0    0.905037
390.0    0.905045
391.0    0.905054
392.0    0.905065
393.0    0.905077
394.0    0.905091
395.0    0.905107
396.0    0.905124
397.0    0.905142
398.0    0.905161
399.0    0.905182
400.0    0.905205
401.0    0.905227
402.0    0.905251
403.0    0.905277
404.0    0.905303
405.0    0.905331
406.0    0.905360
407.0    0.905390
408.0    0.905421
409.0    0.905454
410.0    0.905487
411.0    0.905522
412.0    0.905557
413.0    0.905594
414.0    0.905619
415.0    0.905640
416.0    0.905663
417.0    0.905687
418.0    0.905712
419.0    0.905738
420.0    0.905766
421.0    0.905794
422.0    0.905823
423.0    0.905854
424.0    0.905885
425.0    0.905918
426.0    0.905952
427.0    0.905986
428.0    0.906022
429.0    0.906059
430.0    0.906096
431.0    0.906135
432.0    0.906174
433.0    0.906215
434.0    0.906256
435.0    0.906298
436.0    0.906341
437.0    0.906385
438.0    0.906430
439.0    0.906476
440.0    0.906522
441.0    0.906569
442.0    0.906617
443.0    0.906646
444.0    0.906599
445.0    0.906555
446.0    0.906512
447.0    0.906470
448.0    0.906431
449.0    0.906393
450.0    0.906356
451.0    0.906321
452.0    0.906287
453.0    0.906255
454.0    0.906225
455.0    0.906196
456.0    0.906168
457.0    0.906142
458.0    0.906117
459.0    0.906093
460.0    0.906071
461.0    0.906050
462.0    0.906030
463.0    0.906011
464.0    0.905994
465.0    0.905978
466.0    0.905963
467.0    0.905950
468.0    0.905937
469.0    0.905926
470.0    0.905916
471.0    0.905907
472.0    0.905899
473.0    0.905893
474.0    0.905887
475.0    0.905882
476.0    0.905879
477.0    0.905873
478.0    0.905843
479.0    0.905814
480.0    0.905786
481.0    0.905759
482.0    0.905734
483.0    0.905709
484.0    0.905686
485.0    0.905664
486.0    0.905643
487.0    0.905623
488.0    0.905605
489.0    0.905587
490.0    0.905570
491.0    0.905555
492.0    0.905540
493.0    0.905527
494.0    0.905514
495.0    0.905503
496.0    0.905492
497.0    0.905482
498.0    0.905474
499.0    0.905466
500.0    0.905459
501.0    0.905453
502.0    0.905448
503.0    0.905444
504.0    0.905441
505.0    0.905438
506.0    0.905437
507.0    0.905436
508.0    0.905436
509.0    0.905437
510.0    0.905439
511.0    0.905441
512.0    0.905444
513.0    0.905448
514.0    0.905453
515.0    0.905459
516.0    0.905465
517.0    0.905448
518.0    0.905395
519.0    0.905344
520.0    0.905293
521.0    0.905244
522.0    0.905196
523.0    0.905149
524.0    0.905103
525.0    0.905059
526.0    0.905015
527.0    0.904973
528.0    0.904932
529.0    0.904892
530.0    0.904853
531.0    0.904815
532.0    0.904778
533.0    0.904743
534.0    0.904708
535.0    0.904674
536.0    0.904641
537.0    0.904610
538.0    0.904579
539.0    0.904550
540.0    0.904521
541.0    0.904493
542.0    0.904466
543.0    0.904440
544.0    0.904415
545.0    0.904391
546.0    0.904368
547.0    0.904345
548.0    0.904324
549.0    0.904303
550.0    0.904284
551.0    0.904265
552.0    0.904247
553.0    0.904230
554.0    0.904213
555.0    0.904198
556.0    0.904183
557.0    0.904169
558.0    0.904156
559.0    0.904144
560.0    0.904132
561.0    0.904121
562.0    0.904111
563.0    0.904102
564.0    0.904054
565.0    0.903956
566.0    0.903859
567.0    0.903764
568.0    0.903669
569.0    0.903577
570.0    0.903485
571.0    0.903395
572.0    0.903306
573.0    0.903219
574.0    0.903132
575.0    0.903047
576.0    0.902963
577.0    0.902881
578.0    0.902800
579.0    0.902720
580.0    0.902641
581.0    0.902563
582.0    0.902486
583.0    0.902411
584.0    0.902337
585.0    0.902264
586.0    0.902192
587.0    0.902121
588.0    0.902051
589.0    0.901983
590.0    0.901915
591.0    0.901849
592.0    0.901784
593.0    0.901719
594.0    0.901656
595.0    0.901594
596.0    0.901533
597.0    0.901473
598.0    0.901414
599.0    0.901356
600.0    0.901298
601.0    0.901242
602.0    0.901187
603.0    0.901133
604.0    0.901080
605.0    0.901027
606.0    0.900976
607.0    0.900925
608.0    0.900876
609.0    0.900827
610.0    0.900779
611.0    0.900733
612.0    0.900687
613.0    0.900641
614.0    0.900597
615.0    0.900554
616.0    0.900511
617.0    0.900470
618.0    0.900429
619.0    0.900389
620.0    0.900343
621.0    0.900208
622.0    0.900075
623.0    0.899943
624.0    0.899813
625.0    0.899684
626.0    0.899556
627.0    0.899430
628.0    0.899305
629.0    0.899181
630.0    0.899059
631.0    0.898938
632.0    0.898818
633.0    0.898700
634.0    0.898583
635.0    0.898467
636.0    0.898352
637.0    0.898239
638.0    0.898127
639.0    0.898016
640.0    0.897906
641.0    0.897798
642.0    0.897691
643.0    0.897585
644.0    0.897480
645.0    0.897376
646.0    0.897273
647.0    0.897172
648.0    0.897071
649.0    0.896972
650.0    0.896874
651.0    0.896777
652.0    0.896681
653.0    0.896534
654.0    0.896370
655.0    0.896207
656.0    0.896046
657.0    0.895886
658.0    0.895728
659.0    0.895571
660.0    0.895415
661.0    0.895260
662.0    0.895107
663.0    0.894955
664.0    0.894804
665.0    0.894655
666.0    0.894507
667.0    0.894360
668.0    0.894214
669.0    0.894070
670.0    0.893926
671.0    0.893784
672.0    0.893644
673.0    0.893504
674.0    0.893366
675.0    0.893229
676.0    0.893093
677.0    0.892958
678.0    0.892824
679.0    0.892692
680.0    0.892560
681.0    0.892430
682.0    0.892301
683.0    0.892173
684.0    0.892046
685.0    0.891920
686.0    0.891795
687.0    0.891672
688.0    0.891549
689.0    0.891410
690.0    0.891196
691.0    0.890983
692.0    0.890772
693.0    0.890562
694.0    0.890353
695.0    0.890146
696.0    0.889941
697.0    0.889736
698.0    0.889533
699.0    0.889332
700.0    0.889132
701.0    0.888933
702.0    0.888735
703.0    0.888539
704.0    0.888344
705.0    0.888150
706.0    0.887958
707.0    0.887767
708.0    0.887577
709.0    0.887389
710.0    0.887202
711.0    0.887016
712.0    0.886831
713.0    0.886648
714.0    0.886466
715.0    0.886285
716.0    0.886105
717.0    0.885927
718.0    0.885750
719.0    0.885574
720.0    0.885399
721.0    0.885225
722.0    0.885053
723.0    0.884882
724.0    0.884712
725.0    0.884543
726.0    0.884375
727.0    0.884208
728.0    0.884043
729.0    0.883879
730.0    0.883588
731.0    0.883239
732.0    0.882891
733.0    0.882545
734.0    0.882200
735.0    0.881857
736.0    0.881515
737.0    0.881174
738.0    0.880834
739.0    0.880497
740.0    0.880160
741.0    0.879825
742.0    0.879491
743.0    0.879159
744.0    0.878828
745.0    0.878498
746.0    0.878169
747.0    0.877842
748.0    0.877517
749.0    0.877193
750.0    0.876870
751.0    0.876548
752.0    0.876228
753.0    0.875909
754.0    0.875591
755.0    0.875275
756.0    0.874960
757.0    0.874647
758.0    0.874334
759.0    0.874023
760.0    0.873714
761.0    0.873405
762.0    0.873098
763.0    0.872792
764.0    0.872488
765.0    0.872185
766.0    0.871883
767.0    0.871582
768.0    0.871283
769.0    0.870985
770.0    0.870688
771.0    0.870392
772.0    0.870098
773.0    0.869805
774.0    0.869513
775.0    0.869211
776.0    0.868794
777.0    0.868376
778.0    0.867959
779.0    0.867541
780.0    0.867124
781.0    0.866706
782.0    0.866288
783.0    0.865871
784.0    0.865453
785.0    0.865036
786.0    0.864618
787.0    0.864200
788.0    0.863783
789.0    0.863365
790.0    0.862948
791.0    0.862530
792.0    0.862113
793.0    0.861695
794.0    0.861278
795.0    0.860918
796.0    0.860763
797.0    0.860607
798.0    0.860451
799.0    0.860294
800.0    0.860137
801.0    0.859980
802.0    0.859823
803.0    0.859665
804.0    0.859507
805.0    0.859349
806.0    0.859191
807.0    0.859032
808.0    0.858872
809.0    0.858713
810.0    0.858553
811.0    0.858393
812.0    0.858233
813.0    0.858072
814.0    0.857911
815.0    0.857750
816.0    0.857653
817.0    0.857702
818.0    0.857751
819.0    0.857800
820.0    0.857849
821.0    0.857898
822.0    0.857947
823.0    0.857997
824.0    0.858046
825.0    0.858096
826.0    0.858145
827.0    0.858195
828.0    0.858245
829.0    0.858295
830.0    0.858345
831.0    0.858395
832.0    0.858445
833.0    0.858496
834.0    0.858546
835.0    0.858597
836.0    0.858647
837.0    0.858698
838.0    0.858816
839.0    0.859123
840.0    0.859431
841.0    0.859740
842.0    0.860050
843.0    0.860361
844.0    0.860673
845.0    0.860986
846.0    0.861299
847.0    0.861613
848.0    0.861928
849.0    0.862244
850.0    0.862561
851.0    0.862879
852.0    0.863198
853.0    0.863517
854.0    0.863838
855.0    0.864159
856.0    0.864481
857.0    0.864804
858.0    0.865128
859.0    0.865453
860.0    0.865778
861.0    0.866105
862.0    0.866432
863.0    0.866760
864.0    0.867089
865.0    0.867419
866.0    0.867750
867.0    0.868082
868.0    0.868415
869.0    0.868748
870.0    0.869083
871.0    0.869418
872.0    0.869754
873.0    0.870091
874.0    0.870429
875.0    0.870768
876.0    0.871108
877.0    0.871449
878.0    0.871790
879.0    0.872133
880.0    0.872476
881.0    0.872820
882.0    0.873166
883.0    0.873512
884.0    0.873859
885.0    0.874207
886.0    0.874702
887.0    0.875427
888.0    0.876151
889.0    0.876875
890.0    0.877599
891.0    0.878323
892.0    0.879046
893.0    0.879769
894.0    0.880491
895.0    0.881213
896.0    0.881935
897.0    0.882657
898.0    0.883378
899.0    0.884098
900.0    0.884818
901.0    0.885538
902.0    0.886257
903.0    0.886976
904.0    0.887695
905.0    0.888412
906.0    0.889130
907.0    0.889847
908.0    0.890563
909.0    0.891279
910.0    0.891995
911.0    0.892710
912.0    0.893433
913.0    0.894170
914.0    0.894906
915.0    0.895640
916.0    0.896373
917.0    0.897104
918.0    0.897834
919.0    0.898561
920.0    0.899288
921.0    0.900012
922.0    0.900735
923.0    0.901456
924.0    0.902176
925.0    0.902894
926.0    0.903610
927.0    0.904325
928.0    0.905038
929.0    0.905750
930.0    0.906459
931.0    0.907167
932.0    0.907873
933.0    0.908578
934.0    0.909281
935.0    0.909982
936.0    0.910682
937.0    0.911380
938.0    0.912076
939.0    0.912770
940.0    0.913398
941.0    0.913998
942.0    0.914595
943.0    0.915189
944.0    0.915780
945.0    0.916368
946.0    0.916953
947.0    0.917535
948.0    0.918115
949.0    0.918691
950.0    0.919265
951.0    0.919835
952.0    0.920403
953.0    0.920968
954.0    0.921530
955.0    0.922090
956.0    0.922647
957.0    0.923200
958.0    0.923751
959.0    0.924300
960.0    0.924845
961.0    0.925388
962.0    0.925928
963.0    0.926466
964.0    0.927001
965.0    0.927533
966.0    0.928062
967.0    0.928589
968.0    0.929113
969.0    0.929544
970.0    0.929819
971.0    0.930092
972.0    0.930365
973.0    0.930636
974.0    0.930906
975.0    0.931175
976.0    0.931442
977.0    0.931708
978.0    0.931974
979.0    0.932238
980.0    0.932501
981.0    0.932762
982.0    0.933023
983.0    0.933282
984.0    0.933540
985.0    0.933798
986.0    0.934054
987.0    0.934308
988.0    0.934562
989.0    0.934815
990.0    0.935066
991.0    0.935317
992.0    0.935566
993.0    0.935815
994.0    0.936062
995.0    0.936308
996.0    0.936553
997.0    0.936797
998.0    0.937040
999.0    0.937282
1000.0    0.937517
1001.0    0.937713
1002.0    0.937908
1003.0    0.938103
1004.0    0.938296
1005.0    0.938489
1006.0    0.938682
1007.0    0.938873
1008.0    0.939064
1009.0    0.939254
1010.0    0.939443
1011.0    0.939632
1012.0    0.939820
1013.0    0.940007
1014.0    0.940194
1015.0    0.940380
1016.0    0.940565
1017.0    0.940749
1018.0    0.940933
1019.0    0.941116
1020.0    0.941299
1021.0    0.941481
1022.0    0.941662
1023.0    0.941842
1024.0    0.942022
1025.0    0.942201
1026.0    0.942379
1027.0    0.942557
1028.0    0.942734
1029.0    0.942911
1030.0    0.943087
1031.0    0.943262
1032.0    0.943436
1033.0    0.943610
1034.0    0.943770
1035.0    0.943926
1036.0    0.944081
1037.0    0.944236
1038.0    0.944390
1039.0    0.944544
1040.0    0.944697
1041.0    0.944850
1042.0    0.945002
1043.0    0.945153
1044.0    0.945304
1045.0    0.945455
1046.0    0.945605
1047.0    0.945754
1048.0    0.945903
1049.0    0.946052
1050.0    0.946199
1051.0    0.946347
1052.0    0.946494
1053.0    0.946640
1054.0    0.946786
1055.0    0.946931
1056.0    0.947076
1057.0    0.947221
1058.0    0.947365
1059.0    0.947508
1060.0    0.947651
1061.0    0.947793
1062.0    0.947935
1063.0    0.948077
1064.0    0.948218
1065.0    0.948358
1066.0    0.948498
1067.0    0.948638
1068.0    0.948777
1069.0    0.948916
1070.0    0.949054
1071.0    0.949192
1072.0    0.949329
1073.0    0.949466
1074.0    0.949602
1075.0    0.949738
1076.0    0.949873
1077.0    0.950008
1078.0    0.950142
1079.0    0.950276
1080.0    0.950410
1081.0    0.950543
1082.0    0.950676
1083.0    0.950808
1084.0    0.950940
1085.0    0.951071
1086.0    0.951202
1087.0    0.951332
1088.0    0.951463
1089.0    0.951592
1090.0    0.951721
1091.0    0.951850
1092.0    0.951978
1093.0    0.952106
1094.0    0.952234
1095.0    0.952361
1096.0    0.952487
1097.0    0.952614
1098.0    0.952739
1099.0    0.952865
1100.0    0.952990
