110.000 0.309
111.000 0.330
112.000 0.352
113.000 0.373
114.000 0.395
115.000 0.416
116.000 0.438
117.000 0.457
118.000 0.476
119.000 0.492
120.000 0.508
121.000 0.526
122.000 0.541
123.000 0.557
124.000 0.563
125.000 0.566
126.000 0.586
127.000 0.606
128.000 0.619
129.000 0.630
130.000 0.636
131.000 0.641
132.000 0.646
133.000 0.653
134.000 0.668
135.000 0.685
136.000 0.691
137.000 0.696
138.000 0.702
139.000 0.708
140.000 0.712
141.000 0.715
142.000 0.718
143.000 0.719
144.000 0.724
145.000 0.730
146.000 0.737
147.000 0.742
148.000 0.746
149.000 0.749
150.000 0.751
151.000 0.752
152.000 0.753
153.000 0.754
154.000 0.753
155.000 0.753
156.000 0.752
157.000 0.750
158.000 0.749
159.000 0.747
160.000 0.744
161.000 0.745
162.000 0.748
163.000 0.755
164.000 0.754
165.000 0.751
166.000 0.748
167.000 0.744
168.000 0.741
169.000 0.738
170.000 0.735
171.000 0.731
172.000 0.727
173.000 0.725
174.000 0.721
175.000 0.718
176.000 0.714
177.000 0.710
178.000 0.706
179.000 0.702
180.000 0.699
181.000 0.695
182.000 0.691
183.000 0.688
184.000 0.684
185.000 0.681
186.000 0.677
187.000 0.673
188.000 0.669
189.000 0.665
190.000 0.663
191.000 0.659
192.000 0.655
193.000 0.651
194.000 0.648
195.000 0.645
196.000 0.642
197.000 0.638
198.000 0.635
199.000 0.631
200.000 0.626
201.000 0.623
202.000 0.620
203.000 0.617
204.000 0.615
205.000 0.611
206.000 0.605
207.000 0.602
208.000 0.596
209.000 0.593
210.000 0.588
211.000 0.584
212.000 0.582
213.000 0.580
214.000 0.578
215.000 0.576
216.000 0.573
217.000 0.570
218.000 0.566
219.000 0.562
220.000 0.559
221.000 0.556
222.000 0.555
223.000 0.553
224.000 0.546
225.000 0.545
226.000 0.553
227.000 0.561
228.000 0.560
229.000 0.557
230.000 0.553
231.000 0.549
232.000 0.543
233.000 0.540
234.000 0.534
235.000 0.531
236.000 0.527
237.000 0.525
238.000 0.523
239.000 0.520
240.000 0.519
241.000 0.518
242.000 0.518
243.000 0.519
244.000 0.521
245.000 0.523
246.000 0.525
247.000 0.526
248.000 0.527
249.000 0.526
250.000 0.524
251.000 0.520
252.000 0.515
253.000 0.512
254.000 0.505
255.000 0.501
256.000 0.494
257.000 0.491
258.000 0.484
259.000 0.481
260.000 0.475
261.000 0.472
262.000 0.466
263.000 0.464
264.000 0.460
265.000 0.455
266.000 0.451
267.000 0.447
268.000 0.443
269.000 0.439
270.000 0.434
271.000 0.430
272.000 0.426
273.000 0.422
274.000 0.418
275.000 0.413
276.000 0.409
277.000 0.405
278.000 0.401
279.000 0.397
280.000 0.392
281.000 0.388
282.000 0.384
283.000 0.380
284.000 0.376
285.000 0.371
286.000 0.367
287.000 0.363
288.000 0.359
289.000 0.355
290.000 0.350
291.000 0.346
292.000 0.342
293.000 0.338
294.000 0.334
295.000 0.329
296.000 0.325
297.000 0.321
298.000 0.317
299.000 0.313
300.000 0.308
301.000 0.304
302.000 0.300
303.000 0.296
304.000 0.292
305.000 0.287
306.000 0.283
307.000 0.279
308.000 0.275
309.000 0.271
310.000 0.266
311.000 0.262
312.000 0.258
313.000 0.254
314.000 0.250
315.000 0.245
316.000 0.241
317.000 0.237
318.000 0.233
319.000 0.229
320.000 0.224
321.000 0.220
322.000 0.216
323.000 0.212
324.000 0.208
325.000 0.203
326.000 0.199
327.000 0.195
328.000 0.191
329.000 0.187
330.000 0.182
331.000 0.178
332.000 0.174
333.000 0.170
334.000 0.166
335.000 0.161
336.000 0.157
337.000 0.153
338.000 0.149
339.000 0.145
340.000 0.140
341.000 0.136
342.000 0.132
343.000 0.128
344.000 0.124
345.000 0.119
346.000 0.115
347.000 0.111
348.000 0.107
349.000 0.103
