# author: uvex_response
# source: graded_overcoat_00nm
# date_created: 2026-09-24
# status: model
# wavelength_unit: nm

wavelength    transmission
110.0 0.300146
110.1 0.300146
110.2 0.300146
110.3 0.300146
110.4 0.300146
110.5 0.300146
110.6 0.300146
110.7 0.300146
110.8 0.300146
110.9 0.300146
111.0 0.300146
111.1 0.300146
111.2 0.300146
111.3 0.300146
111.4 0.300146
111.5 0.300146
111.6 0.300146
111.7 0.300146
111.8 0.300146
111.9 0.300146
112.0 0.300146
112.1 0.300146
112.2 0.300146
112.3 0.300146
112.4 0.300146
112.5 0.300146
112.6 0.300146
112.7 0.300146
112.8 0.300146
112.9 0.300146
113.0 0.300146
113.1 0.300146
113.2 0.300146
113.3 0.300146
113.4 0.300146
113.5 0.300146
113.6 0.300146
113.7 0.300146
113.8 0.300146
113.9 0.300146
114.0 0.300146
114.1 0.300146
114.2 0.300146
114.3 0.300146
114.4 0.300146
114.5 0.300146
114.6 0.300146
114.7 0.300146
114.8 0.300146
114.9 0.300146
115.0 0.300146
115.1 0.301341
115.2 0.302537
115.3 0.303732
115.4 0.304928
115.5 0.306123
115.6 0.307319
115.7 0.308514
115.8 0.30971
115.9 0.310905
116.0 0.312101
116.1 0.313296
116.2 0.314492
116.3 0.315687
116.4 0.316882
116.5 0.318078
116.6 0.319273
116.7 0.320469
116.8 0.321664
116.9 0.32286
117.0 0.324055
117.1 0.325251
117.2 0.326446
117.3 0.327642
117.4 0.328837
117.5 0.330033
117.6 0.331228
117.7 0.332423
117.8 0.333619
117.9 0.334814
118.0 0.33601
118.1 0.337205
118.2 0.338401
118.3 0.339596
118.4 0.340792
118.5 0.341987
118.6 0.343183
118.7 0.344378
118.8 0.345573
118.9 0.346769
119.0 0.347964
119.1 0.34916
119.2 0.350355
119.3 0.351551
119.4 0.352746
119.5 0.353942
119.6 0.355137
119.7 0.356333
119.8 0.357528
119.9 0.358724
120.0 0.359919
120.1 0.361072
120.2 0.362226
120.3 0.363379
120.4 0.364533
120.5 0.365686
120.6 0.36684
120.7 0.367993
120.8 0.369147
120.9 0.3703
121.0 0.371454
121.1 0.372607
121.2 0.373761
121.3 0.374914
121.4 0.376068
121.5 0.377221
121.6 0.378375
121.7 0.379528
121.8 0.380682
121.9 0.381835
122.0 0.382989
122.1 0.384142
122.2 0.385296
122.3 0.386449
122.4 0.387603
122.5 0.388756
122.6 0.389909
122.7 0.391063
122.8 0.392216
122.9 0.39337
123.0 0.394523
123.1 0.395677
123.2 0.39683
123.3 0.397984
123.4 0.399137
123.5 0.400291
123.6 0.401444
123.7 0.402598
123.8 0.403751
123.9 0.404905
124.0 0.406058
124.1 0.407212
124.2 0.408365
124.3 0.409519
124.4 0.410672
124.5 0.411826
124.6 0.412979
124.7 0.414133
124.8 0.415286
124.9 0.41644
125.0 0.417593
125.1 0.41867
125.2 0.419746
125.3 0.420823
125.4 0.4219
125.5 0.422977
125.6 0.424053
125.7 0.42513
125.8 0.426207
125.9 0.427284
126.0 0.42836
126.1 0.429437
126.2 0.430514
126.3 0.431591
126.4 0.432667
126.5 0.433744
126.6 0.434821
126.7 0.435898
126.8 0.436974
126.9 0.438051
127.0 0.439128
127.1 0.440205
127.2 0.441281
127.3 0.442358
127.4 0.443435
127.5 0.444512
127.6 0.445588
127.7 0.446665
127.8 0.447742
127.9 0.448818
128.0 0.449895
128.1 0.450972
128.2 0.452049
128.3 0.453125
128.4 0.454202
128.5 0.455279
128.6 0.456356
128.7 0.457432
128.8 0.458509
128.9 0.459586
129.0 0.460663
129.1 0.461739
129.2 0.462816
129.3 0.463893
129.4 0.46497
129.5 0.466046
129.6 0.467123
129.7 0.4682
129.8 0.469277
129.9 0.470353
130.0 0.47143
130.1 0.472576
130.2 0.473721
130.3 0.474867
130.4 0.476012
130.5 0.477158
130.6 0.478303
130.7 0.479449
130.8 0.480594
130.9 0.48174
131.0 0.482885
131.1 0.484031
131.2 0.485176
131.3 0.486322
131.4 0.487467
131.5 0.488613
131.6 0.489758
131.7 0.490904
131.8 0.492049
131.9 0.493195
132.0 0.49434
132.1 0.495486
132.2 0.496631
132.3 0.497777
132.4 0.498922
132.5 0.500068
132.6 0.501214
132.7 0.502359
132.8 0.503505
132.9 0.50465
133.0 0.505796
133.1 0.506941
133.2 0.508087
133.3 0.509232
133.4 0.510378
133.5 0.511523
133.6 0.512669
133.7 0.513814
133.8 0.51496
133.9 0.516105
134.0 0.517251
134.1 0.518396
134.2 0.519542
134.3 0.520687
134.4 0.521833
134.5 0.522978
134.6 0.524124
134.7 0.525269
134.8 0.526415
134.9 0.52756
135.0 0.528706
135.1 0.529254
135.2 0.529802
135.3 0.530349
135.4 0.530897
135.5 0.531445
135.6 0.531993
135.7 0.53254
135.8 0.533088
135.9 0.533636
136.0 0.534184
136.1 0.534732
136.2 0.535279
136.3 0.535827
136.4 0.536375
136.5 0.536923
136.6 0.53747
136.7 0.538018
136.8 0.538566
136.9 0.539114
137.0 0.539662
137.1 0.540209
137.2 0.540757
137.3 0.541305
137.4 0.541853
137.5 0.542401
137.6 0.542948
137.7 0.543496
137.8 0.544044
137.9 0.544592
138.0 0.545139
138.1 0.545687
138.2 0.546235
138.3 0.546783
138.4 0.547331
138.5 0.547878
138.6 0.548426
138.7 0.548974
138.8 0.549522
138.9 0.550069
139.0 0.550617
139.1 0.551165
139.2 0.551713
139.3 0.552261
139.4 0.552808
139.5 0.553356
139.6 0.553904
139.7 0.554452
139.8 0.554999
139.9 0.555547
140.0 0.556095
140.1 0.556639
140.2 0.557184
140.3 0.557728
140.4 0.558273
140.5 0.558817
140.6 0.559361
140.7 0.559906
140.8 0.56045
140.9 0.560994
141.0 0.561539
141.1 0.562083
141.2 0.562628
141.3 0.563172
141.4 0.563716
141.5 0.564261
141.6 0.564805
141.7 0.565349
141.8 0.565894
141.9 0.566438
142.0 0.566983
142.1 0.567527
142.2 0.568071
142.3 0.568616
142.4 0.56916
142.5 0.569705
142.6 0.570249
142.7 0.570793
142.8 0.571338
142.9 0.571882
143.0 0.572426
143.1 0.572971
143.2 0.573515
143.3 0.57406
143.4 0.574604
143.5 0.575148
143.6 0.575693
143.7 0.576237
143.8 0.576781
143.9 0.577326
144.0 0.57787
144.1 0.578415
144.2 0.578959
144.3 0.579503
144.4 0.580048
144.5 0.580592
144.6 0.581136
144.7 0.581681
144.8 0.582225
144.9 0.58277
145.0 0.583314
145.1 0.58384
145.2 0.584367
145.3 0.584893
145.4 0.585419
145.5 0.585946
145.6 0.586472
145.7 0.586998
145.8 0.587525
145.9 0.588051
146.0 0.588577
146.1 0.589104
146.2 0.58963
146.3 0.590156
146.4 0.590683
146.5 0.591209
146.6 0.591735
146.7 0.592262
146.8 0.592788
146.9 0.593314
147.0 0.593841
147.1 0.594367
147.2 0.594893
147.3 0.59542
147.4 0.595946
147.5 0.596473
147.6 0.596999
147.7 0.597525
147.8 0.598052
147.9 0.598578
148.0 0.599104
148.1 0.599631
148.2 0.600157
148.3 0.600683
148.4 0.60121
148.5 0.601736
148.6 0.602262
148.7 0.602789
148.8 0.603315
148.9 0.603841
149.0 0.604368
149.1 0.604894
149.2 0.60542
149.3 0.605947
149.4 0.606473
149.5 0.606999
149.6 0.607526
149.7 0.608052
149.8 0.608578
149.9 0.609105
150.0 0.609631
150.1 0.61012
150.2 0.610608
150.3 0.611097
150.4 0.611586
150.5 0.612074
150.6 0.612563
150.7 0.613052
150.8 0.61354
150.9 0.614029
151.0 0.614518
151.1 0.615006
151.2 0.615495
151.3 0.615984
151.4 0.616473
151.5 0.616961
151.6 0.61745
151.7 0.617939
151.8 0.618427
151.9 0.618916
152.0 0.619405
152.1 0.619893
152.2 0.620382
152.3 0.620871
152.4 0.621359
152.5 0.621848
152.6 0.622337
152.7 0.622825
152.8 0.623314
152.9 0.623803
153.0 0.624291
153.1 0.62478
153.2 0.625269
153.3 0.625757
153.4 0.626246
153.5 0.626735
153.6 0.627223
153.7 0.627712
153.8 0.628201
153.9 0.62869
154.0 0.629178
154.1 0.629667
154.2 0.630156
154.3 0.630644
154.4 0.631133
154.5 0.631622
154.6 0.63211
154.7 0.632599
154.8 0.633088
154.9 0.633576
155.0 0.634065
155.1 0.63446
155.2 0.634856
155.3 0.635251
155.4 0.635647
155.5 0.636042
155.6 0.636438
155.7 0.636833
155.8 0.637229
155.9 0.637624
156.0 0.638019
156.1 0.638415
156.2 0.63881
156.3 0.639206
156.4 0.639601
156.5 0.639997
156.6 0.640392
156.7 0.640787
156.8 0.641183
156.9 0.641578
157.0 0.641974
157.1 0.642369
157.2 0.642765
157.3 0.64316
157.4 0.643556
157.5 0.643951
157.6 0.644346
157.7 0.644742
157.8 0.645137
157.9 0.645533
158.0 0.645928
158.1 0.646324
158.2 0.646719
158.3 0.647115
158.4 0.64751
158.5 0.647905
158.6 0.648301
158.7 0.648696
158.8 0.649092
158.9 0.649487
159.0 0.649883
159.1 0.650278
159.2 0.650673
159.3 0.651069
159.4 0.651464
159.5 0.65186
159.6 0.652255
159.7 0.652651
159.8 0.653046
159.9 0.653442
160.0 0.653837
160.1 0.654232
160.2 0.654628
160.3 0.655023
160.4 0.655419
160.5 0.655814
160.6 0.65621
160.7 0.656605
160.8 0.657001
160.9 0.657396
161.0 0.657791
161.1 0.658187
161.2 0.658582
161.3 0.658978
161.4 0.659373
161.5 0.659769
161.6 0.660164
161.7 0.660559
161.8 0.660955
161.9 0.66135
162.0 0.661746
162.1 0.662141
162.2 0.662537
162.3 0.662932
162.4 0.663328
162.5 0.663723
162.6 0.664118
162.7 0.664514
162.8 0.664909
162.9 0.665305
163.0 0.6657
163.1 0.666096
163.2 0.666491
163.3 0.666887
163.4 0.667282
163.5 0.667677
163.6 0.668073
163.7 0.668468
163.8 0.668864
163.9 0.669259
164.0 0.669655
164.1 0.67005
164.2 0.670445
164.3 0.670841
164.4 0.671236
164.5 0.671632
164.6 0.672027
164.7 0.672423
164.8 0.672818
164.9 0.673214
165.0 0.673609
165.1 0.67376
165.2 0.673911
165.3 0.674063
165.4 0.674214
165.5 0.674365
165.6 0.674516
165.7 0.674667
165.8 0.674819
165.9 0.67497
166.0 0.675121
166.1 0.675272
166.2 0.675424
166.3 0.675575
166.4 0.675726
166.5 0.675877
166.6 0.676028
166.7 0.67618
166.8 0.676331
166.9 0.676482
167.0 0.676633
167.1 0.676784
167.2 0.676936
167.3 0.677087
167.4 0.677238
167.5 0.677389
167.6 0.67754
167.7 0.677692
167.8 0.677843
167.9 0.677994
168.0 0.678145
168.1 0.678297
168.2 0.678448
168.3 0.678599
168.4 0.67875
168.5 0.678901
168.6 0.679053
168.7 0.679204
168.8 0.679355
168.9 0.679506
169.0 0.679657
169.1 0.679809
169.2 0.67996
169.3 0.680111
169.4 0.680262
169.5 0.680413
169.6 0.680565
169.7 0.680716
169.8 0.680867
169.9 0.681018
170.0 0.68117
170.1 0.681321
170.2 0.681472
170.3 0.681623
170.4 0.681774
170.5 0.681926
170.6 0.682077
170.7 0.682228
170.8 0.682379
170.9 0.68253
171.0 0.682682
171.1 0.682833
171.2 0.682984
171.3 0.683135
171.4 0.683286
171.5 0.683438
171.6 0.683589
171.7 0.68374
171.8 0.683891
171.9 0.684042
172.0 0.684194
172.1 0.684345
172.2 0.684496
172.3 0.684647
172.4 0.684799
172.5 0.68495
172.6 0.685101
172.7 0.685252
172.8 0.685403
172.9 0.685555
173.0 0.685706
173.1 0.685857
173.2 0.686008
173.3 0.686159
173.4 0.686311
173.5 0.686462
173.6 0.686613
173.7 0.686764
173.8 0.686915
173.9 0.687067
174.0 0.687218
174.1 0.687369
174.2 0.68752
174.3 0.687672
174.4 0.687823
174.5 0.687974
174.6 0.688125
174.7 0.688276
174.8 0.688428
174.9 0.688579
175.0 0.68873
175.1 0.688993
175.2 0.689255
175.3 0.689518
175.4 0.68978
175.5 0.690043
175.6 0.690305
175.7 0.690568
175.8 0.69083
175.9 0.691093
176.0 0.691355
176.1 0.691618
176.2 0.69188
176.3 0.692143
176.4 0.692406
176.5 0.692668
176.6 0.692931
176.7 0.693193
176.8 0.693456
176.9 0.693718
177.0 0.693981
177.1 0.694243
177.2 0.694506
177.3 0.694768
177.4 0.695031
177.5 0.695294
177.6 0.695556
177.7 0.695819
177.8 0.696081
177.9 0.696344
178.0 0.696606
178.1 0.696869
178.2 0.697131
178.3 0.697394
178.4 0.697656
178.5 0.697919
178.6 0.698181
178.7 0.698444
178.8 0.698707
178.9 0.698969
179.0 0.699232
179.1 0.699494
179.2 0.699757
179.3 0.700019
179.4 0.700282
179.5 0.700544
179.6 0.700807
179.7 0.701069
179.8 0.701332
179.9 0.701594
180.0 0.701857
180.1 0.70212
180.2 0.702382
180.3 0.702645
180.4 0.702907
180.5 0.70317
180.6 0.703432
180.7 0.703695
180.8 0.703957
180.9 0.70422
181.0 0.704482
181.1 0.704745
181.2 0.705007
181.3 0.70527
181.4 0.705533
181.5 0.705795
181.6 0.706058
181.7 0.70632
181.8 0.706583
181.9 0.706845
182.0 0.707108
182.1 0.70737
182.2 0.707633
182.3 0.707895
182.4 0.708158
182.5 0.708421
182.6 0.708683
182.7 0.708946
182.8 0.709208
182.9 0.709471
183.0 0.709733
183.1 0.709996
183.2 0.710258
183.3 0.710521
183.4 0.710783
183.5 0.711046
183.6 0.711308
183.7 0.711571
183.8 0.711834
183.9 0.712096
184.0 0.712359
184.1 0.712621
184.2 0.712884
184.3 0.713146
184.4 0.713409
184.5 0.713671
184.6 0.713934
184.7 0.714196
184.8 0.714459
184.9 0.714721
185.0 0.714984
185.1 0.715216
185.2 0.715447
185.3 0.715679
185.4 0.715911
185.5 0.716143
185.6 0.716374
185.7 0.716606
185.8 0.716838
185.9 0.717069
186.0 0.717301
186.1 0.717533
186.2 0.717765
186.3 0.717996
186.4 0.718228
186.5 0.71846
186.6 0.718691
186.7 0.718923
186.8 0.719155
186.9 0.719386
187.0 0.719618
187.1 0.71985
187.2 0.720082
187.3 0.720313
187.4 0.720545
187.5 0.720777
187.6 0.721008
187.7 0.72124
187.8 0.721472
187.9 0.721704
188.0 0.721935
188.1 0.722167
188.2 0.722399
188.3 0.72263
188.4 0.722862
188.5 0.723094
188.6 0.723326
188.7 0.723557
188.8 0.723789
188.9 0.724021
189.0 0.724252
189.1 0.724484
189.2 0.724716
189.3 0.724948
189.4 0.725179
189.5 0.725411
189.6 0.725643
189.7 0.725874
189.8 0.726106
189.9 0.726338
190.0 0.72657
190.1 0.726801
190.2 0.727033
190.3 0.727265
190.4 0.727496
190.5 0.727728
190.6 0.72796
190.7 0.728191
190.8 0.728423
190.9 0.728655
191.0 0.728887
191.1 0.729118
191.2 0.72935
191.3 0.729582
191.4 0.729813
191.5 0.730045
191.6 0.730277
191.7 0.730509
191.8 0.73074
191.9 0.730972
192.0 0.731204
192.1 0.731435
192.2 0.731667
192.3 0.731899
192.4 0.732131
192.5 0.732362
192.6 0.732594
192.7 0.732826
192.8 0.733057
192.9 0.733289
193.0 0.733521
193.1 0.733753
193.2 0.733984
193.3 0.734216
193.4 0.734448
193.5 0.734679
193.6 0.734911
193.7 0.735143
193.8 0.735374
193.9 0.735606
194.0 0.735838
194.1 0.73607
194.2 0.736301
194.3 0.736533
194.4 0.736765
194.5 0.736996
194.6 0.737228
194.7 0.73746
194.8 0.737692
194.9 0.737923
195.0 0.738155
195.1 0.738524
195.2 0.738893
195.3 0.739262
195.4 0.739631
195.5 0.74
195.6 0.740368
195.7 0.740737
195.8 0.741106
195.9 0.741475
196.0 0.741844
196.1 0.742213
196.2 0.742582
196.3 0.742951
196.4 0.74332
196.5 0.743689
196.6 0.744058
196.7 0.744426
196.8 0.744795
196.9 0.745164
197.0 0.745533
197.1 0.745902
197.2 0.746271
197.3 0.74664
197.4 0.747009
197.5 0.747378
197.6 0.747747
197.7 0.748116
197.8 0.748484
197.9 0.748853
198.0 0.749222
198.1 0.749591
198.2 0.74996
198.3 0.750329
198.4 0.750698
198.5 0.751067
198.6 0.751436
198.7 0.751805
198.8 0.752174
198.9 0.752542
199.0 0.752911
199.1 0.75328
199.2 0.753649
199.3 0.754018
199.4 0.754387
199.5 0.754756
199.6 0.755125
199.7 0.755494
199.8 0.755863
199.9 0.756232
200.0 0.756601
200.1 0.756969
200.2 0.757338
200.3 0.757707
200.4 0.758076
200.5 0.758445
200.6 0.758814
200.7 0.759183
200.8 0.759552
200.9 0.759921
201.0 0.76029
201.1 0.760659
201.2 0.761027
201.3 0.761396
201.4 0.761765
201.5 0.762134
201.6 0.762503
201.7 0.762872
201.8 0.763241
201.9 0.76361
202.0 0.763979
202.1 0.764348
202.2 0.764717
202.3 0.765085
202.4 0.765454
202.5 0.765823
202.6 0.766192
202.7 0.766561
202.8 0.76693
202.9 0.767299
203.0 0.767668
203.1 0.768037
203.2 0.768406
203.3 0.768775
203.4 0.769143
203.5 0.769512
203.6 0.769881
203.7 0.77025
203.8 0.770619
203.9 0.770988
204.0 0.771357
204.1 0.771726
204.2 0.772095
204.3 0.772464
204.4 0.772833
204.5 0.773201
204.6 0.77357
204.7 0.773939
204.8 0.774308
204.9 0.774677
205.0 0.775046
205.1 0.775029
205.2 0.775012
205.3 0.774995
205.4 0.774978
205.5 0.774961
205.6 0.774944
205.7 0.774927
205.8 0.77491
205.9 0.774893
206.0 0.774876
206.1 0.774859
206.2 0.774842
206.3 0.774825
206.4 0.774808
206.5 0.774791
206.6 0.774774
206.7 0.774757
206.8 0.77474
206.9 0.774723
207.0 0.774706
207.1 0.774689
207.2 0.774672
207.3 0.774655
207.4 0.774638
207.5 0.774621
207.6 0.774604
207.7 0.774587
207.8 0.77457
207.9 0.774553
208.0 0.774536
208.1 0.774519
208.2 0.774502
208.3 0.774485
208.4 0.774468
208.5 0.774451
208.6 0.774434
208.7 0.774417
208.8 0.7744
208.9 0.774383
209.0 0.774366
209.1 0.774349
209.2 0.774332
209.3 0.774315
209.4 0.774298
209.5 0.774281
209.6 0.774264
209.7 0.774247
209.8 0.77423
209.9 0.774213
210.0 0.774196
210.1 0.774178
210.2 0.774161
210.3 0.774144
210.4 0.774127
210.5 0.77411
210.6 0.774093
210.7 0.774076
210.8 0.774059
210.9 0.774042
211.0 0.774025
211.1 0.774008
211.2 0.773991
211.3 0.773974
211.4 0.773957
211.5 0.77394
211.6 0.773923
211.7 0.773906
211.8 0.773889
211.9 0.773872
212.0 0.773855
212.1 0.773838
212.2 0.773821
212.3 0.773804
212.4 0.773787
212.5 0.77377
212.6 0.773753
212.7 0.773736
212.8 0.773719
212.9 0.773702
213.0 0.773685
213.1 0.773668
213.2 0.773651
213.3 0.773634
213.4 0.773617
213.5 0.7736
213.6 0.773583
213.7 0.773566
213.8 0.773549
213.9 0.773532
214.0 0.773515
214.1 0.773498
214.2 0.773481
214.3 0.773464
214.4 0.773447
214.5 0.77343
214.6 0.773413
214.7 0.773396
214.8 0.773379
214.9 0.773362
215.0 0.773345
215.1 0.773328
215.2 0.773311
215.3 0.773294
215.4 0.773277
215.5 0.77326
215.6 0.773243
215.7 0.773226
215.8 0.773209
215.9 0.773192
216.0 0.773175
216.1 0.773158
216.2 0.773141
216.3 0.773124
216.4 0.773107
216.5 0.77309
216.6 0.773073
216.7 0.773056
216.8 0.773039
216.9 0.773022
217.0 0.773005
217.1 0.772988
217.2 0.772971
217.3 0.772954
217.4 0.772937
217.5 0.77292
217.6 0.772903
217.7 0.772886
217.8 0.772869
217.9 0.772852
218.0 0.772835
218.1 0.772818
218.2 0.772801
218.3 0.772784
218.4 0.772767
218.5 0.77275
218.6 0.772733
218.7 0.772716
218.8 0.772699
218.9 0.772682
219.0 0.772665
219.1 0.772648
219.2 0.772631
219.3 0.772614
219.4 0.772597
219.5 0.77258
219.6 0.772563
219.7 0.772546
219.8 0.772529
219.9 0.772512
220.0 0.772494
220.1 0.772477
220.2 0.77246
220.3 0.772443
220.4 0.772426
220.5 0.772409
220.6 0.772392
220.7 0.772375
220.8 0.772358
220.9 0.772341
221.0 0.772324
221.1 0.772307
221.2 0.77229
221.3 0.772273
221.4 0.772256
221.5 0.772239
221.6 0.772222
221.7 0.772205
221.8 0.772188
221.9 0.772171
222.0 0.772154
222.1 0.772137
222.2 0.77212
222.3 0.772103
222.4 0.772086
222.5 0.772069
222.6 0.772052
222.7 0.772035
222.8 0.772018
222.9 0.772001
223.0 0.771984
223.1 0.771967
223.2 0.77195
223.3 0.771933
223.4 0.771916
223.5 0.771899
223.6 0.771882
223.7 0.771865
223.8 0.771848
223.9 0.771831
224.0 0.771814
224.1 0.771797
224.2 0.77178
224.3 0.771763
224.4 0.771746
224.5 0.771729
224.6 0.771712
224.7 0.771695
224.8 0.771678
224.9 0.771661
225.0 0.771644
225.1 0.771547
225.2 0.77145
225.3 0.771353
225.4 0.771256
225.5 0.771159
225.6 0.771062
225.7 0.770966
225.8 0.770869
225.9 0.770772
226.0 0.770675
226.1 0.770578
226.2 0.770481
226.3 0.770384
226.4 0.770287
226.5 0.77019
226.6 0.770093
226.7 0.769996
226.8 0.769899
226.9 0.769802
227.0 0.769705
227.1 0.769609
227.2 0.769512
227.3 0.769415
227.4 0.769318
227.5 0.769221
227.6 0.769124
227.7 0.769027
227.8 0.76893
227.9 0.768833
228.0 0.768736
228.1 0.768639
228.2 0.768542
228.3 0.768445
228.4 0.768349
228.5 0.768252
228.6 0.768155
228.7 0.768058
228.8 0.767961
228.9 0.767864
229.0 0.767767
229.1 0.76767
229.2 0.767573
229.3 0.767476
229.4 0.767379
229.5 0.767282
229.6 0.767185
229.7 0.767089
229.8 0.766992
229.9 0.766895
230.0 0.766798
230.1 0.766701
230.2 0.766604
230.3 0.766507
230.4 0.76641
230.5 0.766313
230.6 0.766216
230.7 0.766119
230.8 0.766022
230.9 0.765925
231.0 0.765829
231.1 0.765732
231.2 0.765635
231.3 0.765538
231.4 0.765441
231.5 0.765344
231.6 0.765247
231.7 0.76515
231.8 0.765053
231.9 0.764956
232.0 0.764859
232.1 0.764762
232.2 0.764665
232.3 0.764568
232.4 0.764472
232.5 0.764375
232.6 0.764278
232.7 0.764181
232.8 0.764084
232.9 0.763987
233.0 0.76389
233.1 0.763793
233.2 0.763696
233.3 0.763599
233.4 0.763502
233.5 0.763405
233.6 0.763308
233.7 0.763212
233.8 0.763115
233.9 0.763018
234.0 0.762921
234.1 0.762824
234.2 0.762727
234.3 0.76263
234.4 0.762533
234.5 0.762436
234.6 0.762339
234.7 0.762242
234.8 0.762145
234.9 0.762048
235.0 0.761951
235.1 0.761855
235.2 0.761758
235.3 0.761661
235.4 0.761564
235.5 0.761467
235.6 0.76137
235.7 0.761273
235.8 0.761176
235.9 0.761079
236.0 0.760982
236.1 0.760885
236.2 0.760788
236.3 0.760691
236.4 0.760595
236.5 0.760498
236.6 0.760401
236.7 0.760304
236.8 0.760207
236.9 0.76011
237.0 0.760013
237.1 0.759916
237.2 0.759819
237.3 0.759722
237.4 0.759625
237.5 0.759528
237.6 0.759431
237.7 0.759335
237.8 0.759238
237.9 0.759141
238.0 0.759044
238.1 0.758947
238.2 0.75885
238.3 0.758753
238.4 0.758656
238.5 0.758559
238.6 0.758462
238.7 0.758365
238.8 0.758268
238.9 0.758171
239.0 0.758074
239.1 0.757978
239.2 0.757881
239.3 0.757784
239.4 0.757687
239.5 0.75759
239.6 0.757493
239.7 0.757396
239.8 0.757299
239.9 0.757202
240.0 0.757105
240.1 0.757008
240.2 0.756911
240.3 0.756814
240.4 0.756718
240.5 0.756621
240.6 0.756524
240.7 0.756427
240.8 0.75633
240.9 0.756233
241.0 0.756136
241.1 0.756039
241.2 0.755942
241.3 0.755845
241.4 0.755748
241.5 0.755651
241.6 0.755554
241.7 0.755458
241.8 0.755361
241.9 0.755264
242.0 0.755167
242.1 0.75507
242.2 0.754973
242.3 0.754876
242.4 0.754779
242.5 0.754682
242.6 0.754585
242.7 0.754488
242.8 0.754391
242.9 0.754294
243.0 0.754197
243.1 0.754101
243.2 0.754004
243.3 0.753907
243.4 0.75381
243.5 0.753713
243.6 0.753616
243.7 0.753519
243.8 0.753422
243.9 0.753325
244.0 0.753228
244.1 0.753131
244.2 0.753034
244.3 0.752937
244.4 0.752841
244.5 0.752744
244.6 0.752647
244.7 0.75255
244.8 0.752453
244.9 0.752356
245.0 0.752259
245.1 0.75208
245.2 0.751902
245.3 0.751723
245.4 0.751545
245.5 0.751366
245.6 0.751188
245.7 0.751009
245.8 0.750831
245.9 0.750652
246.0 0.750473
246.1 0.750295
246.2 0.750116
246.3 0.749938
246.4 0.749759
246.5 0.749581
246.6 0.749402
246.7 0.749224
246.8 0.749045
246.9 0.748866
247.0 0.748688
247.1 0.748509
247.2 0.748331
247.3 0.748152
247.4 0.747974
247.5 0.747795
247.6 0.747617
247.7 0.747438
247.8 0.747259
247.9 0.747081
248.0 0.746902
248.1 0.746724
248.2 0.746545
248.3 0.746367
248.4 0.746188
248.5 0.74601
248.6 0.745831
248.7 0.745652
248.8 0.745474
248.9 0.745295
249.0 0.745117
249.1 0.744938
249.2 0.74476
249.3 0.744581
249.4 0.744403
249.5 0.744224
249.6 0.744045
249.7 0.743867
249.8 0.743688
249.9 0.74351
250.0 0.743331
250.1 0.743153
250.2 0.742974
250.3 0.742796
250.4 0.742617
250.5 0.742438
250.6 0.74226
250.7 0.742081
250.8 0.741903
250.9 0.741724
251.0 0.741546
251.1 0.741367
251.2 0.741189
251.3 0.74101
251.4 0.740831
251.5 0.740653
251.6 0.740474
251.7 0.740296
251.8 0.740117
251.9 0.739939
252.0 0.73976
252.1 0.739582
252.2 0.739403
252.3 0.739224
252.4 0.739046
252.5 0.738867
252.6 0.738689
252.7 0.73851
252.8 0.738332
252.9 0.738153
253.0 0.737975
253.1 0.737796
253.2 0.737617
253.3 0.737439
253.4 0.73726
253.5 0.737082
253.6 0.736903
253.7 0.736725
253.8 0.736546
253.9 0.736368
254.0 0.736189
254.1 0.73601
254.2 0.735832
254.3 0.735653
254.4 0.735475
254.5 0.735296
254.6 0.735118
254.7 0.734939
254.8 0.734761
254.9 0.734582
255.0 0.734403
255.1 0.734225
255.2 0.734046
255.3 0.733868
255.4 0.733689
255.5 0.733511
255.6 0.733332
255.7 0.733154
255.8 0.732975
255.9 0.732797
256.0 0.732618
256.1 0.732439
256.2 0.732261
256.3 0.732082
256.4 0.731904
256.5 0.731725
256.6 0.731547
256.7 0.731368
256.8 0.73119
256.9 0.731011
257.0 0.730832
257.1 0.730654
257.2 0.730475
257.3 0.730297
257.4 0.730118
257.5 0.72994
257.6 0.729761
257.7 0.729583
257.8 0.729404
257.9 0.729225
258.0 0.729047
258.1 0.728868
258.2 0.72869
258.3 0.728511
258.4 0.728333
258.5 0.728154
258.6 0.727976
258.7 0.727797
258.8 0.727618
258.9 0.72744
259.0 0.727261
259.1 0.727083
259.2 0.726904
259.3 0.726726
259.4 0.726547
259.5 0.726369
259.6 0.72619
259.7 0.726011
259.8 0.725833
259.9 0.725654
260.0 0.725476
260.1 0.725297
260.2 0.725119
260.3 0.72494
260.4 0.724762
260.5 0.724583
260.6 0.724404
260.7 0.724226
260.8 0.724047
260.9 0.723869
261.0 0.72369
261.1 0.723512
261.2 0.723333
261.3 0.723155
261.4 0.722976
261.5 0.722797
261.6 0.722619
261.7 0.72244
261.8 0.722262
261.9 0.722083
262.0 0.721905
262.1 0.721726
262.2 0.721548
262.3 0.721369
262.4 0.72119
262.5 0.721012
262.6 0.720833
262.7 0.720655
262.8 0.720476
262.9 0.720298
263.0 0.720119
263.1 0.719941
263.2 0.719762
263.3 0.719583
263.4 0.719405
263.5 0.719226
263.6 0.719048
263.7 0.718869
263.8 0.718691
263.9 0.718512
264.0 0.718334
264.1 0.718155
264.2 0.717976
264.3 0.717798
264.4 0.717619
264.5 0.717441
264.6 0.717262
264.7 0.717084
264.8 0.716905
264.9 0.716727
265.0 0.716548
265.1 0.716423
265.2 0.716298
265.3 0.716173
265.4 0.716049
265.5 0.715924
265.6 0.715799
265.7 0.715674
265.8 0.715549
265.9 0.715424
266.0 0.7153
266.1 0.715175
266.2 0.71505
266.3 0.714925
266.4 0.7148
266.5 0.714675
266.6 0.71455
266.7 0.714426
266.8 0.714301
266.9 0.714176
267.0 0.714051
267.1 0.713926
267.2 0.713801
267.3 0.713677
267.4 0.713552
267.5 0.713427
267.6 0.713302
267.7 0.713177
267.8 0.713052
267.9 0.712927
268.0 0.712803
268.1 0.712678
268.2 0.712553
268.3 0.712428
268.4 0.712303
268.5 0.712178
268.6 0.712054
268.7 0.711929
268.8 0.711804
268.9 0.711679
269.0 0.711554
269.1 0.711429
269.2 0.711305
269.3 0.71118
269.4 0.711055
269.5 0.71093
269.6 0.710805
269.7 0.71068
269.8 0.710555
269.9 0.710431
270.0 0.710306
270.1 0.710181
270.2 0.710056
270.3 0.709931
270.4 0.709806
270.5 0.709682
270.6 0.709557
270.7 0.709432
270.8 0.709307
270.9 0.709182
271.0 0.709057
271.1 0.708932
271.2 0.708808
271.3 0.708683
271.4 0.708558
271.5 0.708433
271.6 0.708308
271.7 0.708183
271.8 0.708059
271.9 0.707934
272.0 0.707809
272.1 0.707684
272.2 0.707559
272.3 0.707434
272.4 0.707309
272.5 0.707185
272.6 0.70706
272.7 0.706935
272.8 0.70681
272.9 0.706685
273.0 0.70656
273.1 0.706436
273.2 0.706311
273.3 0.706186
273.4 0.706061
273.5 0.705936
273.6 0.705811
273.7 0.705686
273.8 0.705562
273.9 0.705437
274.0 0.705312
274.1 0.705187
274.2 0.705062
274.3 0.704937
274.4 0.704813
274.5 0.704688
274.6 0.704563
274.7 0.704438
274.8 0.704313
274.9 0.704188
275.0 0.704063
275.1 0.703939
275.2 0.703814
275.3 0.703689
275.4 0.703564
275.5 0.703439
275.6 0.703314
275.7 0.70319
275.8 0.703065
275.9 0.70294
276.0 0.702815
276.1 0.70269
276.2 0.702565
276.3 0.702441
276.4 0.702316
276.5 0.702191
276.6 0.702066
276.7 0.701941
276.8 0.701816
276.9 0.701691
277.0 0.701567
277.1 0.701442
277.2 0.701317
277.3 0.701192
277.4 0.701067
277.5 0.700942
277.6 0.700818
277.7 0.700693
277.8 0.700568
277.9 0.700443
278.0 0.700318
278.1 0.700193
278.2 0.700068
278.3 0.699944
278.4 0.699819
278.5 0.699694
278.6 0.699569
278.7 0.699444
278.8 0.699319
278.9 0.699195
279.0 0.69907
279.1 0.698945
279.2 0.69882
279.3 0.698695
279.4 0.69857
279.5 0.698445
279.6 0.698321
279.7 0.698196
279.8 0.698071
279.9 0.697946
280.0 0.697821
280.1 0.697696
280.2 0.697572
280.3 0.697447
280.4 0.697322
280.5 0.697197
280.6 0.697072
280.7 0.696947
280.8 0.696822
280.9 0.696698
281.0 0.696573
281.1 0.696448
281.2 0.696323
281.3 0.696198
281.4 0.696073
281.5 0.695949
281.6 0.695824
281.7 0.695699
281.8 0.695574
281.9 0.695449
282.0 0.695324
282.1 0.6952
282.2 0.695075
282.3 0.69495
282.4 0.694825
282.5 0.6947
282.6 0.694575
282.7 0.69445
282.8 0.694326
282.9 0.694201
283.0 0.694076
283.1 0.693951
283.2 0.693826
283.3 0.693701
283.4 0.693577
283.5 0.693452
283.6 0.693327
283.7 0.693202
283.8 0.693077
283.9 0.692952
284.0 0.692827
284.1 0.692703
284.2 0.692578
284.3 0.692453
284.4 0.692328
284.5 0.692203
284.6 0.692078
284.7 0.691954
284.8 0.691829
284.9 0.691704
285.0 0.691579
285.1 0.691256
285.2 0.690933
285.3 0.69061
285.4 0.690287
285.5 0.689964
285.6 0.689642
285.7 0.689319
285.8 0.688996
285.9 0.688673
286.0 0.68835
286.1 0.688027
286.2 0.687704
286.3 0.687381
286.4 0.687058
286.5 0.686735
286.6 0.686412
286.7 0.68609
286.8 0.685767
286.9 0.685444
287.0 0.685121
287.1 0.684798
287.2 0.684475
287.3 0.684152
287.4 0.683829
287.5 0.683506
287.6 0.683183
287.7 0.68286
287.8 0.682538
287.9 0.682215
288.0 0.681892
288.1 0.681569
288.2 0.681246
288.3 0.680923
288.4 0.6806
288.5 0.680277
288.6 0.679954
288.7 0.679631
288.8 0.679308
288.9 0.678986
289.0 0.678663
289.1 0.67834
289.2 0.678017
289.3 0.677694
289.4 0.677371
289.5 0.677048
289.6 0.676725
289.7 0.676402
289.8 0.676079
289.9 0.675756
290.0 0.675433
290.1 0.675111
290.2 0.674788
290.3 0.674465
290.4 0.674142
290.5 0.673819
290.6 0.673496
290.7 0.673173
290.8 0.67285
290.9 0.672527
291.0 0.672204
291.1 0.671881
291.2 0.671559
291.3 0.671236
291.4 0.670913
291.5 0.67059
291.6 0.670267
291.7 0.669944
291.8 0.669621
291.9 0.669298
292.0 0.668975
292.1 0.668652
292.2 0.668329
292.3 0.668007
292.4 0.667684
292.5 0.667361
292.6 0.667038
292.7 0.666715
292.8 0.666392
292.9 0.666069
293.0 0.665746
293.1 0.665423
293.2 0.6651
293.3 0.664777
293.4 0.664455
293.5 0.664132
293.6 0.663809
293.7 0.663486
293.8 0.663163
293.9 0.66284
294.0 0.662517
294.1 0.662194
294.2 0.661871
294.3 0.661548
294.4 0.661225
294.5 0.660903
294.6 0.66058
294.7 0.660257
294.8 0.659934
294.9 0.659611
295.0 0.659288
295.1 0.658965
295.2 0.658642
295.3 0.658319
295.4 0.657996
295.5 0.657673
295.6 0.657351
295.7 0.657028
295.8 0.656705
295.9 0.656382
296.0 0.656059
296.1 0.655736
296.2 0.655413
296.3 0.65509
296.4 0.654767
296.5 0.654444
296.6 0.654121
296.7 0.653799
296.8 0.653476
296.9 0.653153
297.0 0.65283
297.1 0.652507
297.2 0.652184
297.3 0.651861
297.4 0.651538
297.5 0.651215
297.6 0.650892
297.7 0.650569
297.8 0.650247
297.9 0.649924
298.0 0.649601
298.1 0.649278
298.2 0.648955
298.3 0.648632
298.4 0.648309
298.5 0.647986
298.6 0.647663
298.7 0.64734
298.8 0.647017
298.9 0.646695
299.0 0.646372
299.1 0.646049
299.2 0.645726
299.3 0.645403
299.4 0.64508
299.5 0.644757
299.6 0.644434
299.7 0.644111
299.8 0.643788
299.9 0.643465
300.0 0.643142
300.1 0.64282
300.2 0.642497
300.3 0.642174
300.4 0.641851
300.5 0.641528
300.6 0.641205
300.7 0.640882
300.8 0.640559
300.9 0.640236
301.0 0.639913
301.1 0.63959
301.2 0.639268
301.3 0.638945
301.4 0.638622
301.5 0.638299
301.6 0.637976
301.7 0.637653
301.8 0.63733
301.9 0.637007
302.0 0.636684
302.1 0.636361
302.2 0.636038
302.3 0.635716
302.4 0.635393
302.5 0.63507
302.6 0.634747
302.7 0.634424
302.8 0.634101
302.9 0.633778
303.0 0.633455
303.1 0.633132
303.2 0.632809
303.3 0.632486
303.4 0.632164
303.5 0.631841
303.6 0.631518
303.7 0.631195
303.8 0.630872
303.9 0.630549
304.0 0.630226
304.1 0.629903
304.2 0.62958
304.3 0.629257
304.4 0.628934
304.5 0.628612
304.6 0.628289
304.7 0.627966
304.8 0.627643
304.9 0.62732
305.0 0.626997
305.1 0.626997
305.2 0.626997
305.3 0.626997
305.4 0.626997
305.5 0.626997
305.6 0.626997
305.7 0.626997
305.8 0.626997
305.9 0.626997
306.0 0.626997
306.1 0.626997
306.2 0.626997
306.3 0.626997
306.4 0.626997
306.5 0.626997
306.6 0.626997
306.7 0.626997
306.8 0.626997
306.9 0.626997
307.0 0.626997
307.1 0.626997
307.2 0.626997
307.3 0.626997
307.4 0.626997
307.5 0.626997
307.6 0.626997
307.7 0.626997
307.8 0.626997
307.9 0.626997
308.0 0.626997
308.1 0.626997
308.2 0.626997
308.3 0.626997
308.4 0.626997
308.5 0.626997
308.6 0.626997
308.7 0.626997
308.8 0.626997
308.9 0.626997
309.0 0.626997
309.1 0.626997
309.2 0.626997
309.3 0.626997
309.4 0.626997
309.5 0.626997
309.6 0.626997
309.7 0.626997
309.8 0.626997
309.9 0.626997
310.0 0.626997
310.1 0.626997
310.2 0.626997
310.3 0.626997
310.4 0.626997
310.5 0.626997
310.6 0.626997
310.7 0.626997
310.8 0.626997
310.9 0.626997
311.0 0.626997
311.1 0.626997
311.2 0.626997
311.3 0.626997
311.4 0.626997
311.5 0.626997
311.6 0.626997
311.7 0.626997
311.8 0.626997
311.9 0.626997
312.0 0.626997
312.1 0.626997
312.2 0.626997
312.3 0.626997
312.4 0.626997
312.5 0.626997
312.6 0.626997
312.7 0.626997
312.8 0.626997
312.9 0.626997
313.0 0.626997
313.1 0.626997
313.2 0.626997
313.3 0.626997
313.4 0.626997
313.5 0.626997
313.6 0.626997
313.7 0.626997
313.8 0.626997
313.9 0.626997
314.0 0.626997
314.1 0.626997
314.2 0.626997
314.3 0.626997
314.4 0.626997
314.5 0.626997
314.6 0.626997
314.7 0.626997
314.8 0.626997
314.9 0.626997
315.0 0.626997
315.1 0.626997
315.2 0.626997
315.3 0.626997
315.4 0.626997
315.5 0.626997
315.6 0.626997
315.7 0.626997
315.8 0.626997
315.9 0.626997
316.0 0.626997
316.1 0.626997
316.2 0.626997
316.3 0.626997
316.4 0.626997
316.5 0.626997
316.6 0.626997
316.7 0.626997
316.8 0.626997
316.9 0.626997
317.0 0.626997
317.1 0.626997
317.2 0.626997
317.3 0.626997
317.4 0.626997
317.5 0.626997
317.6 0.626997
317.7 0.626997
317.8 0.626997
317.9 0.626997
318.0 0.626997
318.1 0.626997
318.2 0.626997
318.3 0.626997
318.4 0.626997
318.5 0.626997
318.6 0.626997
318.7 0.626997
318.8 0.626997
318.9 0.626997
319.0 0.626997
319.1 0.626997
319.2 0.626997
319.3 0.626997
319.4 0.626997
319.5 0.626997
319.6 0.626997
319.7 0.626997
319.8 0.626997
319.9 0.626997
320.0 0.626997
320.1 0.626997
320.2 0.626997
320.3 0.626997
320.4 0.626997
320.5 0.626997
320.6 0.626997
320.7 0.626997
320.8 0.626997
320.9 0.626997
321.0 0.626997
321.1 0.626997
321.2 0.626997
321.3 0.626997
321.4 0.626997
321.5 0.626997
321.6 0.626997
321.7 0.626997
321.8 0.626997
321.9 0.626997
322.0 0.626997
322.1 0.626997
322.2 0.626997
322.3 0.626997
322.4 0.626997
322.5 0.626997
322.6 0.626997
322.7 0.626997
322.8 0.626997
322.9 0.626997
323.0 0.626997
323.1 0.626997
323.2 0.626997
323.3 0.626997
323.4 0.626997
323.5 0.626997
323.6 0.626997
323.7 0.626997
323.8 0.626997
323.9 0.626997
324.0 0.626997
324.1 0.626997
324.2 0.626997
324.3 0.626997
324.4 0.626997
324.5 0.626997
324.6 0.626997
324.7 0.626997
324.8 0.626997
324.9 0.626997
325.0 0.626997
325.1 0.626997
325.2 0.626997
325.3 0.626997
325.4 0.626997
325.5 0.626997
325.6 0.626997
325.7 0.626997
325.8 0.626997
325.9 0.626997
326.0 0.626997
326.1 0.626997
326.2 0.626997
326.3 0.626997
326.4 0.626997
326.5 0.626997
326.6 0.626997
326.7 0.626997
326.8 0.626997
326.9 0.626997
327.0 0.626997
327.1 0.626997
327.2 0.626997
327.3 0.626997
327.4 0.626997
327.5 0.626997
327.6 0.626997
327.7 0.626997
327.8 0.626997
327.9 0.626997
328.0 0.626997
328.1 0.626997
328.2 0.626997
328.3 0.626997
328.4 0.626997
328.5 0.626997
328.6 0.626997
328.7 0.626997
328.8 0.626997
328.9 0.626997
329.0 0.626997
329.1 0.626997
329.2 0.626997
329.3 0.626997
329.4 0.626997
329.5 0.626997
329.6 0.626997
329.7 0.626997
329.8 0.626997
329.9 0.626997
330.0 0.626997
330.1 0.626997
330.2 0.626997
330.3 0.626997
330.4 0.626997
330.5 0.626997
330.6 0.626997
330.7 0.626997
330.8 0.626997
330.9 0.626997
331.0 0.626997
331.1 0.626997
331.2 0.626997
331.3 0.626997
331.4 0.626997
331.5 0.626997
331.6 0.626997
331.7 0.626997
331.8 0.626997
331.9 0.626997
332.0 0.626997
332.1 0.626997
332.2 0.626997
332.3 0.626997
332.4 0.626997
332.5 0.626997
332.6 0.626997
332.7 0.626997
332.8 0.626997
332.9 0.626997
333.0 0.626997
333.1 0.626997
333.2 0.626997
333.3 0.626997
333.4 0.626997
333.5 0.626997
333.6 0.626997
333.7 0.626997
333.8 0.626997
333.9 0.626997
334.0 0.626997
334.1 0.626997
334.2 0.626997
334.3 0.626997
334.4 0.626997
334.5 0.626997
334.6 0.626997
334.7 0.626997
334.8 0.626997
334.9 0.626997
335.0 0.626997
335.1 0.626997
335.2 0.626997
335.3 0.626997
335.4 0.626997
335.5 0.626997
335.6 0.626997
335.7 0.626997
335.8 0.626997
335.9 0.626997
336.0 0.626997
336.1 0.626997
336.2 0.626997
336.3 0.626997
336.4 0.626997
336.5 0.626997
336.6 0.626997
336.7 0.626997
336.8 0.626997
336.9 0.626997
337.0 0.626997
337.1 0.626997
337.2 0.626997
337.3 0.626997
337.4 0.626997
337.5 0.626997
337.6 0.626997
337.7 0.626997
337.8 0.626997
337.9 0.626997
338.0 0.626997
338.1 0.626997
338.2 0.626997
338.3 0.626997
338.4 0.626997
338.5 0.626997
338.6 0.626997
338.7 0.626997
338.8 0.626997
338.9 0.626997
339.0 0.626997
339.1 0.626997
339.2 0.626997
339.3 0.626997
339.4 0.626997
339.5 0.626997
339.6 0.626997
339.7 0.626997
339.8 0.626997
339.9 0.626997
340.0 0.626997
340.1 0.626997
340.2 0.626997
340.3 0.626997
340.4 0.626997
340.5 0.626997
340.6 0.626997
340.7 0.626997
340.8 0.626997
340.9 0.626997
341.0 0.626997
341.1 0.626997
341.2 0.626997
341.3 0.626997
341.4 0.626997
341.5 0.626997
341.6 0.626997
341.7 0.626997
341.8 0.626997
341.9 0.626997
342.0 0.626997
342.1 0.626997
342.2 0.626997
342.3 0.626997
342.4 0.626997
342.5 0.626997
342.6 0.626997
342.7 0.626997
342.8 0.626997
342.9 0.626997
343.0 0.626997
343.1 0.626997
343.2 0.626997
343.3 0.626997
343.4 0.626997
343.5 0.626997
343.6 0.626997
343.7 0.626997
343.8 0.626997
343.9 0.626997
344.0 0.626997
344.1 0.626997
344.2 0.626997
344.3 0.626997
344.4 0.626997
344.5 0.626997
344.6 0.626997
344.7 0.626997
344.8 0.626997
344.9 0.626997
345.0 0.626997
345.1 0.626997
345.2 0.626997
345.3 0.626997
345.4 0.626997
345.5 0.626997
345.6 0.626997
345.7 0.626997
345.8 0.626997
345.9 0.626997
346.0 0.626997
346.1 0.626997
346.2 0.626997
346.3 0.626997
346.4 0.626997
346.5 0.626997
346.6 0.626997
346.7 0.626997
346.8 0.626997
346.9 0.626997
347.0 0.626997
347.1 0.626997
347.2 0.626997
347.3 0.626997
347.4 0.626997
347.5 0.626997
347.6 0.626997
347.7 0.626997
347.8 0.626997
347.9 0.626997
348.0 0.626997
348.1 0.626997
348.2 0.626997
348.3 0.626997
348.4 0.626997
348.5 0.626997
348.6 0.626997
348.7 0.626997
348.8 0.626997
348.9 0.626997
349.0 0.626997
349.1 0.626997
349.2 0.626997
349.3 0.626997
349.4 0.626997
349.5 0.626997
349.6 0.626997
349.7 0.626997
349.8 0.626997
349.9 0.626997
350.0 0.626997
350.1 0.626997
350.2 0.626997
350.3 0.626997
350.4 0.626997
350.5 0.626997
350.6 0.626997
350.7 0.626997
350.8 0.626997
350.9 0.626997
351.0 0.626997
351.1 0.626997
351.2 0.626997
351.3 0.626997
351.4 0.626997
351.5 0.626997
351.6 0.626997
351.7 0.626997
351.8 0.626997
351.9 0.626997
352.0 0.626997
352.1 0.626997
352.2 0.626997
352.3 0.626997
352.4 0.626997
352.5 0.626997
352.6 0.626997
352.7 0.626997
352.8 0.626997
352.9 0.626997
353.0 0.626997
353.1 0.626997
353.2 0.626997
353.3 0.626997
353.4 0.626997
353.5 0.626997
353.6 0.626997
353.7 0.626997
353.8 0.626997
353.9 0.626997
354.0 0.626997
354.1 0.626997
354.2 0.626997
354.3 0.626997
354.4 0.626997
354.5 0.626997
354.6 0.626997
354.7 0.626997
354.8 0.626997
354.9 0.626997
355.0 0.626997
355.1 0.626997
355.2 0.626997
355.3 0.626997
355.4 0.626997
355.5 0.626997
355.6 0.626997
355.7 0.626997
355.8 0.626997
355.9 0.626997
356.0 0.626997
356.1 0.626997
356.2 0.626997
356.3 0.626997
356.4 0.626997
356.5 0.626997
356.6 0.626997
356.7 0.626997
356.8 0.626997
356.9 0.626997
357.0 0.626997
357.1 0.626997
357.2 0.626997
357.3 0.626997
357.4 0.626997
357.5 0.626997
357.6 0.626997
357.7 0.626997
357.8 0.626997
357.9 0.626997
358.0 0.626997
358.1 0.626997
358.2 0.626997
358.3 0.626997
358.4 0.626997
358.5 0.626997
358.6 0.626997
358.7 0.626997
358.8 0.626997
358.9 0.626997
359.0 0.626997
359.1 0.626997
359.2 0.626997
359.3 0.626997
359.4 0.626997
359.5 0.626997
359.6 0.626997
359.7 0.626997
359.8 0.626997
359.9 0.626997
360.0 0.626997
360.1 0.626997
360.2 0.626997
360.3 0.626997
360.4 0.626997
360.5 0.626997
360.6 0.626997
360.7 0.626997
360.8 0.626997
360.9 0.626997
361.0 0.626997
361.1 0.626997
361.2 0.626997
361.3 0.626997
361.4 0.626997
361.5 0.626997
361.6 0.626997
361.7 0.626997
361.8 0.626997
361.9 0.626997
362.0 0.626997
362.1 0.626997
362.2 0.626997
362.3 0.626997
362.4 0.626997
362.5 0.626997
362.6 0.626997
362.7 0.626997
362.8 0.626997
362.9 0.626997
363.0 0.626997
363.1 0.626997
363.2 0.626997
363.3 0.626997
363.4 0.626997
363.5 0.626997
363.6 0.626997
363.7 0.626997
363.8 0.626997
363.9 0.626997
364.0 0.626997
364.1 0.626997
364.2 0.626997
364.3 0.626997
364.4 0.626997
364.5 0.626997
364.6 0.626997
364.7 0.626997
364.8 0.626997
364.9 0.626997
