# author: uvex_response
# source: uvex_mission_v0.8.1
# date_created: 2026-09-24
# status: model
# wavelength_unit: nm

wavelength    transmission
110.0 0.566912
110.1 0.567605
110.2 0.568297
110.3 0.56899
110.4 0.569682
110.5 0.570375
110.6 0.571067
110.7 0.57176
110.8 0.572452
110.9 0.573145
111.0 0.573838
111.1 0.574523
111.2 0.575209
111.3 0.575895
111.4 0.576581
111.5 0.577267
111.6 0.577953
111.7 0.578639
111.8 0.579325
111.9 0.580011
112.0 0.580697
112.1 0.581376
112.2 0.582055
112.3 0.582734
112.4 0.583413
112.5 0.584092
112.6 0.584772
112.7 0.585451
112.8 0.58613
112.9 0.586809
113.0 0.587488
113.1 0.588161
113.2 0.588833
113.3 0.589505
113.4 0.590178
113.5 0.59085
113.6 0.591523
113.7 0.592195
113.8 0.592867
113.9 0.59354
114.0 0.594212
114.1 0.594877
114.2 0.595543
114.3 0.596208
114.4 0.596874
114.5 0.597539
114.6 0.598205
114.7 0.59887
114.8 0.599535
114.9 0.600201
115.0 0.600866
115.1 0.601525
115.2 0.602183
115.3 0.602841
115.4 0.6035
115.5 0.604158
115.6 0.604816
115.7 0.605475
115.8 0.606133
115.9 0.606791
116.0 0.60745
116.1 0.608101
116.2 0.608752
116.3 0.609404
116.4 0.610055
116.5 0.610706
116.6 0.611358
116.7 0.612009
116.8 0.61266
116.9 0.613311
117.0 0.613963
117.1 0.614607
117.2 0.615251
117.3 0.615895
117.4 0.616539
117.5 0.617183
117.6 0.617827
117.7 0.618471
117.8 0.619115
117.9 0.61976
118.0 0.620404
118.1 0.62104
118.2 0.621677
118.3 0.622314
118.4 0.622951
118.5 0.623588
118.6 0.624225
118.7 0.624862
118.8 0.625499
118.9 0.626135
119.0 0.626772
119.1 0.627402
119.2 0.628031
119.3 0.628661
119.4 0.629291
119.5 0.62992
119.6 0.63055
119.7 0.631179
119.8 0.631809
119.9 0.632439
120.0 0.633068
120.1 0.633691
120.2 0.634313
120.3 0.634935
120.4 0.635557
120.5 0.636179
120.6 0.636802
120.7 0.637424
120.8 0.638046
120.9 0.638668
121.0 0.639291
121.1 0.639906
121.2 0.64052
121.3 0.641135
121.4 0.64175
121.5 0.642365
121.6 0.64298
121.7 0.643594
121.8 0.644209
121.9 0.644824
122.0 0.645439
122.1 0.646046
122.2 0.646654
122.3 0.647261
122.4 0.647868
122.5 0.648476
122.6 0.649083
122.7 0.649691
122.8 0.650298
122.9 0.650906
123.0 0.651513
123.1 0.652113
123.2 0.652713
123.3 0.653313
123.4 0.653913
123.5 0.654513
123.6 0.655113
123.7 0.655713
123.8 0.656313
123.9 0.656913
124.0 0.657513
124.1 0.658105
124.2 0.658698
124.3 0.65929
124.4 0.659883
124.5 0.660475
124.6 0.661067
124.7 0.66166
124.8 0.662252
124.9 0.662845
125.0 0.663437
125.1 0.664022
125.2 0.664607
125.3 0.665192
125.4 0.665777
125.5 0.666362
125.6 0.666947
125.7 0.667532
125.8 0.668117
125.9 0.668702
126.0 0.669287
126.1 0.669864
126.2 0.670441
126.3 0.671019
126.4 0.671596
126.5 0.672174
126.6 0.672751
126.7 0.673329
126.8 0.673906
126.9 0.674484
127.0 0.675061
127.1 0.675631
127.2 0.676201
127.3 0.676771
127.4 0.677341
127.5 0.677911
127.6 0.678481
127.7 0.679051
127.8 0.67962
127.9 0.68019
128.0 0.68076
128.1 0.681323
128.2 0.681885
128.3 0.682447
128.4 0.68301
128.5 0.683572
128.6 0.684134
128.7 0.684696
128.8 0.685259
128.9 0.685821
129.0 0.686383
129.1 0.686938
129.2 0.687493
129.3 0.688048
129.4 0.688603
129.5 0.689158
129.6 0.689712
129.7 0.690267
129.8 0.690822
129.9 0.691377
130.0 0.691932
130.1 0.692479
130.2 0.693026
130.3 0.693574
130.4 0.694121
130.5 0.694668
130.6 0.695216
130.7 0.695763
130.8 0.69631
130.9 0.696858
131.0 0.697405
131.1 0.697945
131.2 0.698485
131.3 0.699024
131.4 0.699564
131.5 0.700104
131.6 0.700644
131.7 0.701183
131.8 0.701723
131.9 0.702263
132.0 0.702803
132.1 0.703335
132.2 0.703867
132.3 0.7044
132.4 0.704932
132.5 0.705464
132.6 0.705996
132.7 0.706529
132.8 0.707061
132.9 0.707593
133.0 0.708125
133.1 0.70865
133.2 0.709175
133.3 0.7097
133.4 0.710225
133.5 0.71075
133.6 0.711274
133.7 0.711799
133.8 0.712324
133.9 0.712849
134.0 0.713374
134.1 0.713891
134.2 0.714408
134.3 0.714926
134.4 0.715443
134.5 0.71596
134.6 0.716478
134.7 0.716995
134.8 0.717512
134.9 0.71803
135.0 0.718547
135.1 0.719057
135.2 0.719567
135.3 0.720077
135.4 0.720587
135.5 0.721097
135.6 0.721606
135.7 0.722116
135.8 0.722626
135.9 0.723136
136.0 0.723646
136.1 0.724148
136.2 0.724651
136.3 0.725153
136.4 0.725656
136.5 0.726158
136.6 0.726661
136.7 0.727163
136.8 0.727666
136.9 0.728168
137.0 0.728671
137.1 0.729166
137.2 0.729661
137.3 0.730156
137.4 0.730651
137.5 0.731147
137.6 0.731642
137.7 0.732137
137.8 0.732632
137.9 0.733127
138.0 0.733622
138.1 0.73411
138.2 0.734598
138.3 0.735086
138.4 0.735573
138.5 0.736061
138.6 0.736549
138.7 0.737037
138.8 0.737525
138.9 0.738012
139.0 0.7385
139.1 0.738981
139.2 0.739461
139.3 0.739942
139.4 0.740422
139.5 0.740902
139.6 0.741383
139.7 0.741863
139.8 0.742344
139.9 0.742824
140.0 0.743305
140.1 0.743778
140.2 0.744251
140.3 0.744725
140.4 0.745198
140.5 0.745671
140.6 0.746145
140.7 0.746618
140.8 0.747091
140.9 0.747564
141.0 0.748038
141.1 0.748504
141.2 0.74897
141.3 0.749436
141.4 0.749902
141.5 0.750368
141.6 0.750833
141.7 0.751299
141.8 0.751765
141.9 0.752231
142.0 0.752697
142.1 0.753156
142.2 0.753615
142.3 0.754074
142.4 0.754533
142.5 0.754992
142.6 0.755451
142.7 0.75591
142.8 0.756368
142.9 0.756827
143.0 0.757286
143.1 0.757738
143.2 0.75819
143.3 0.758642
143.4 0.759093
143.5 0.759545
143.6 0.759997
143.7 0.760449
143.8 0.7609
143.9 0.761352
144.0 0.761804
144.1 0.762249
144.2 0.762693
144.3 0.763138
144.4 0.763583
144.5 0.764027
144.6 0.764472
144.7 0.764917
144.8 0.765361
144.9 0.765806
145.0 0.766251
145.1 0.766688
145.2 0.767126
145.3 0.767564
145.4 0.768001
145.5 0.768439
145.6 0.768877
145.7 0.769315
145.8 0.769752
145.9 0.77019
146.0 0.770628
146.1 0.771058
146.2 0.771489
146.3 0.77192
146.4 0.772351
146.5 0.772782
146.6 0.773213
146.7 0.773643
146.8 0.774074
146.9 0.774505
147.0 0.774936
147.1 0.77536
147.2 0.775783
147.3 0.776207
147.4 0.776631
147.5 0.777055
147.6 0.777479
147.7 0.777903
147.8 0.778326
147.9 0.77875
148.0 0.779174
148.1 0.779591
148.2 0.780008
148.3 0.780425
148.4 0.780842
148.5 0.781259
148.6 0.781677
148.7 0.782094
148.8 0.782511
148.9 0.782928
149.0 0.783345
149.1 0.783755
149.2 0.784166
149.3 0.784576
149.4 0.784986
149.5 0.785397
149.6 0.785807
149.7 0.786217
149.8 0.786627
149.9 0.787038
150.0 0.787448
150.1 0.787852
150.2 0.788255
150.3 0.788659
150.4 0.789062
150.5 0.789466
150.6 0.789869
150.7 0.790273
150.8 0.790677
150.9 0.79108
151.0 0.791484
151.1 0.791881
151.2 0.792278
151.3 0.792675
151.4 0.793072
151.5 0.793469
151.6 0.793866
151.7 0.794262
151.8 0.794659
151.9 0.795056
152.0 0.795453
152.1 0.795844
152.2 0.796234
152.3 0.796625
152.4 0.797015
152.5 0.797405
152.6 0.797796
152.7 0.798186
152.8 0.798577
152.9 0.798967
153.0 0.799357
153.1 0.799741
153.2 0.800125
153.3 0.800509
153.4 0.800893
153.5 0.801277
153.6 0.801661
153.7 0.802045
153.8 0.802429
153.9 0.802813
154.0 0.803196
154.1 0.803574
154.2 0.803951
154.3 0.804329
154.4 0.804706
154.5 0.805084
154.6 0.805461
154.7 0.805838
154.8 0.806216
154.9 0.806593
155.0 0.806971
155.1 0.807342
155.2 0.807713
155.3 0.808084
155.4 0.808455
155.5 0.808826
155.6 0.809198
155.7 0.809569
155.8 0.80994
155.9 0.810311
156.0 0.810682
156.1 0.811047
156.2 0.811412
156.3 0.811777
156.4 0.812142
156.5 0.812506
156.6 0.812871
156.7 0.813236
156.8 0.813601
156.9 0.813966
157.0 0.81433
157.1 0.814689
157.2 0.815048
157.3 0.815406
157.4 0.815765
157.5 0.816124
157.6 0.816482
157.7 0.816841
157.8 0.817199
157.9 0.817558
158.0 0.817917
158.1 0.818269
158.2 0.818621
158.3 0.818974
158.4 0.819326
158.5 0.819679
158.6 0.820031
158.7 0.820384
158.8 0.820736
158.9 0.821089
159.0 0.821441
159.1 0.821788
159.2 0.822134
159.3 0.82248
159.4 0.822827
159.5 0.823173
159.6 0.823519
159.7 0.823866
159.8 0.824212
159.9 0.824559
160.0 0.824905
160.1 0.825245
160.2 0.825586
160.3 0.825926
160.4 0.826267
160.5 0.826607
160.6 0.826947
160.7 0.827288
160.8 0.827628
160.9 0.827969
161.0 0.828309
161.1 0.828643
161.2 0.828978
161.3 0.829312
161.4 0.829647
161.5 0.829981
161.6 0.830316
161.7 0.83065
161.8 0.830985
161.9 0.831319
162.0 0.831654
162.1 0.831982
162.2 0.832311
162.3 0.83264
162.4 0.832968
162.5 0.833297
162.6 0.833626
162.7 0.833954
162.8 0.834283
162.9 0.834612
163.0 0.83494
163.1 0.835263
163.2 0.835586
163.3 0.835909
163.4 0.836232
163.5 0.836554
163.6 0.836877
163.7 0.8372
163.8 0.837523
163.9 0.837846
164.0 0.838169
164.1 0.838486
164.2 0.838803
164.3 0.83912
164.4 0.839437
164.5 0.839754
164.6 0.840072
164.7 0.840389
164.8 0.840706
164.9 0.841023
165.0 0.84134
165.1 0.841652
165.2 0.841963
165.3 0.842275
165.4 0.842586
165.5 0.842898
165.6 0.84321
165.7 0.843521
165.8 0.843833
165.9 0.844144
166.0 0.844456
166.1 0.844762
166.2 0.845068
166.3 0.845374
166.4 0.84568
166.5 0.845986
166.6 0.846292
166.7 0.846598
166.8 0.846904
166.9 0.84721
167.0 0.847516
167.1 0.847816
167.2 0.848117
167.3 0.848417
167.4 0.848717
167.5 0.849018
167.6 0.849318
167.7 0.849619
167.8 0.849919
167.9 0.85022
168.0 0.85052
168.1 0.850815
168.2 0.851111
168.3 0.851406
168.4 0.851701
168.5 0.851996
168.6 0.852291
168.7 0.852586
168.8 0.852881
168.9 0.853176
169.0 0.853472
169.1 0.853761
169.2 0.854051
169.3 0.854341
169.4 0.854631
169.5 0.854921
169.6 0.855211
169.7 0.8555
169.8 0.85579
169.9 0.85608
170.0 0.85637
170.1 0.856654
170.2 0.856939
170.3 0.857223
170.4 0.857508
170.5 0.857792
170.6 0.858077
170.7 0.858361
170.8 0.858646
170.9 0.858931
171.0 0.859215
171.1 0.859494
171.2 0.859774
171.3 0.860053
171.4 0.860333
171.5 0.860612
171.6 0.860891
171.7 0.861171
171.8 0.86145
171.9 0.861729
172.0 0.862009
172.1 0.862283
172.2 0.862557
172.3 0.862832
172.4 0.863106
172.5 0.86338
172.6 0.863654
172.7 0.863929
172.8 0.864203
172.9 0.864477
173.0 0.864752
173.1 0.865021
173.2 0.86529
173.3 0.865559
173.4 0.865829
173.5 0.866098
173.6 0.866367
173.7 0.866636
173.8 0.866906
173.9 0.867175
174.0 0.867444
174.1 0.867709
174.2 0.867973
174.3 0.868237
174.4 0.868501
174.5 0.868766
174.6 0.86903
174.7 0.869294
174.8 0.869559
174.9 0.869823
175.0 0.870087
175.1 0.870346
175.2 0.870606
175.3 0.870865
175.4 0.871125
175.5 0.871384
175.6 0.871644
175.7 0.871903
175.8 0.872162
175.9 0.872422
176.0 0.872681
176.1 0.872936
176.2 0.873191
176.3 0.873445
176.4 0.8737
176.5 0.873955
176.6 0.874209
176.7 0.874464
176.8 0.874719
176.9 0.874973
177.0 0.875228
177.1 0.875478
177.2 0.875728
177.3 0.875978
177.4 0.876227
177.5 0.876477
177.6 0.876727
177.7 0.876977
177.8 0.877227
177.9 0.877477
178.0 0.877727
178.1 0.877972
178.2 0.878217
178.3 0.878462
178.4 0.878708
178.5 0.878953
178.6 0.879198
178.7 0.879443
178.8 0.879689
178.9 0.879934
179.0 0.880179
179.1 0.88042
179.2 0.88066
179.3 0.880901
179.4 0.881142
179.5 0.881383
179.6 0.881623
179.7 0.881864
179.8 0.882105
179.9 0.882345
180.0 0.882586
180.1 0.882822
180.2 0.883058
180.3 0.883294
180.4 0.883531
180.5 0.883767
180.6 0.884003
180.7 0.884239
180.8 0.884475
180.9 0.884711
181.0 0.884947
181.1 0.885179
181.2 0.885411
181.3 0.885643
181.4 0.885874
181.5 0.886106
181.6 0.886338
181.7 0.886569
181.8 0.886801
181.9 0.887033
182.0 0.887265
182.1 0.887492
182.2 0.887719
182.3 0.887947
182.4 0.888174
182.5 0.888401
182.6 0.888629
182.7 0.888856
182.8 0.889083
182.9 0.889311
183.0 0.889538
183.1 0.889761
183.2 0.889984
183.3 0.890207
183.4 0.89043
183.5 0.890653
183.6 0.890876
183.7 0.891099
183.8 0.891322
183.9 0.891545
184.0 0.891768
184.1 0.891987
184.2 0.892206
184.3 0.892425
184.4 0.892644
184.5 0.892862
184.6 0.893081
184.7 0.8933
184.8 0.893519
184.9 0.893738
185.0 0.893957
185.1 0.894171
185.2 0.894386
185.3 0.894601
185.4 0.894815
185.5 0.89503
185.6 0.895244
185.7 0.895459
185.8 0.895674
185.9 0.895888
186.0 0.896103
186.1 0.896313
186.2 0.896524
186.3 0.896735
186.4 0.896945
186.5 0.897156
186.6 0.897366
186.7 0.897577
186.8 0.897787
186.9 0.897998
187.0 0.898209
187.1 0.898415
187.2 0.898621
187.3 0.898828
187.4 0.899034
187.5 0.899241
187.6 0.899447
187.7 0.899654
187.8 0.89986
187.9 0.900067
188.0 0.900273
188.1 0.900476
188.2 0.900678
188.3 0.900881
188.4 0.901084
188.5 0.901286
188.6 0.901489
188.7 0.901691
188.8 0.901894
188.9 0.902097
189.0 0.902299
189.1 0.902498
189.2 0.902697
189.3 0.902895
189.4 0.903094
189.5 0.903292
189.6 0.903491
189.7 0.90369
189.8 0.903888
189.9 0.904087
190.0 0.904286
190.1 0.904481
190.2 0.904675
190.3 0.90487
190.4 0.905065
190.5 0.90526
190.6 0.905455
190.7 0.90565
190.8 0.905845
190.9 0.90604
191.0 0.906235
191.1 0.906426
191.2 0.906617
191.3 0.906808
191.4 0.906999
191.5 0.90719
191.6 0.907381
191.7 0.907572
191.8 0.907763
191.9 0.907954
192.0 0.908145
192.1 0.908333
192.2 0.90852
192.3 0.908708
192.4 0.908895
192.5 0.909082
192.6 0.90927
192.7 0.909457
192.8 0.909645
192.9 0.909832
193.0 0.91002
193.1 0.910203
193.2 0.910387
193.3 0.910571
193.4 0.910755
193.5 0.910938
193.6 0.911122
193.7 0.911306
193.8 0.91149
193.9 0.911673
194.0 0.911857
194.1 0.912037
194.2 0.912217
194.3 0.912398
194.4 0.912578
194.5 0.912758
194.6 0.912938
194.7 0.913118
194.8 0.913299
194.9 0.913479
195.0 0.913659
195.1 0.913836
195.2 0.914012
195.3 0.914189
195.4 0.914366
195.5 0.914542
195.6 0.914719
195.7 0.914896
195.8 0.915072
195.9 0.915249
196.0 0.915426
196.1 0.915599
196.2 0.915772
196.3 0.915945
196.4 0.916118
196.5 0.916292
196.6 0.916465
196.7 0.916638
196.8 0.916811
196.9 0.916984
197.0 0.917158
197.1 0.917327
197.2 0.917497
197.3 0.917667
197.4 0.917837
197.5 0.918007
197.6 0.918177
197.7 0.918346
197.8 0.918516
197.9 0.918686
198.0 0.918856
198.1 0.918978
198.2 0.9191
198.3 0.919222
198.4 0.919344
198.5 0.919466
198.6 0.919589
198.7 0.919711
198.8 0.919833
198.9 0.919955
199.0 0.920077
199.1 0.92011
199.2 0.920143
199.3 0.920176
199.4 0.920209
199.5 0.920242
199.6 0.920275
199.7 0.920308
199.8 0.92034
199.9 0.920373
200.0 0.920406
200.1 0.920439
200.2 0.920472
200.3 0.920505
200.4 0.920538
200.5 0.920571
200.6 0.920604
200.7 0.920636
200.8 0.920669
200.9 0.920702
201.0 0.920735
201.1 0.920768
201.2 0.9208
201.3 0.920833
201.4 0.920866
201.5 0.920898
201.6 0.920931
201.7 0.920964
201.8 0.920997
201.9 0.921029
202.0 0.921062
202.1 0.921094
202.2 0.921127
202.3 0.921159
202.4 0.921192
202.5 0.921225
202.6 0.921257
202.7 0.92129
202.8 0.921322
202.9 0.921355
203.0 0.921387
203.1 0.92142
203.2 0.921452
203.3 0.921484
203.4 0.921517
203.5 0.921549
203.6 0.921582
203.7 0.921614
203.8 0.921647
203.9 0.921679
204.0 0.921712
204.1 0.921744
204.2 0.921776
204.3 0.921809
204.4 0.921841
204.5 0.921873
204.6 0.921906
204.7 0.921938
204.8 0.92197
204.9 0.922003
205.0 0.922035
205.1 0.922067
205.2 0.922099
205.3 0.922132
205.4 0.922164
205.5 0.922196
205.6 0.922228
205.7 0.92226
205.8 0.922293
205.9 0.922325
206.0 0.922357
206.1 0.922389
206.2 0.922421
206.3 0.922453
206.4 0.922485
206.5 0.922517
206.6 0.922549
206.7 0.922581
206.8 0.922613
206.9 0.922645
207.0 0.922677
207.1 0.922709
207.2 0.922741
207.3 0.922773
207.4 0.922805
207.5 0.922837
207.6 0.922869
207.7 0.922901
207.8 0.922932
207.9 0.922964
208.0 0.922996
208.1 0.923028
208.2 0.92306
208.3 0.923092
208.4 0.923123
208.5 0.923155
208.6 0.923187
208.7 0.923219
208.8 0.92325
208.9 0.923282
209.0 0.923314
209.1 0.923346
209.2 0.923377
209.3 0.923409
209.4 0.923441
209.5 0.923472
209.6 0.923504
209.7 0.923536
209.8 0.923567
209.9 0.923599
210.0 0.923631
210.1 0.923662
210.2 0.923694
210.3 0.923725
210.4 0.923757
210.5 0.923789
210.6 0.92382
210.7 0.923852
210.8 0.923883
210.9 0.923915
211.0 0.923947
211.1 0.923978
211.2 0.924009
211.3 0.924041
211.4 0.924072
211.5 0.924104
211.6 0.924135
211.7 0.924167
211.8 0.924198
211.9 0.924229
212.0 0.924261
212.1 0.924292
212.2 0.924323
212.3 0.924355
212.4 0.924386
212.5 0.924417
212.6 0.924448
212.7 0.92448
212.8 0.924511
212.9 0.924542
213.0 0.924573
213.1 0.924604
213.2 0.924636
213.3 0.924667
213.4 0.924698
213.5 0.924729
213.6 0.92476
213.7 0.924791
213.8 0.924823
213.9 0.924854
214.0 0.924885
214.1 0.924916
214.2 0.924947
214.3 0.924978
214.4 0.925009
214.5 0.92504
214.6 0.925071
214.7 0.925102
214.8 0.925134
214.9 0.925165
215.0 0.925196
215.1 0.925227
215.2 0.925258
215.3 0.925288
215.4 0.925319
215.5 0.92535
215.6 0.925381
215.7 0.925412
215.8 0.925443
215.9 0.925474
216.0 0.925505
216.1 0.925536
216.2 0.925566
216.3 0.925597
216.4 0.925628
216.5 0.925659
216.6 0.92569
216.7 0.925721
216.8 0.925751
216.9 0.925782
217.0 0.925813
217.1 0.925844
217.2 0.925874
217.3 0.925905
217.4 0.925936
217.5 0.925966
217.6 0.925997
217.7 0.926028
217.8 0.926058
217.9 0.926089
218.0 0.92612
218.1 0.92615
218.2 0.926181
218.3 0.926211
218.4 0.926242
218.5 0.926272
218.6 0.926303
218.7 0.926333
218.8 0.926364
218.9 0.926395
219.0 0.926425
219.1 0.926456
219.2 0.926486
219.3 0.926517
219.4 0.926547
219.5 0.926578
219.6 0.926608
219.7 0.926639
219.8 0.926669
219.9 0.9267
220.0 0.92673
220.1 0.92676
220.2 0.926791
220.3 0.926821
220.4 0.926851
220.5 0.926882
220.6 0.926912
220.7 0.926942
220.8 0.926972
220.9 0.927003
221.0 0.927033
221.1 0.927063
221.2 0.927093
221.3 0.927124
221.4 0.927154
221.5 0.927184
221.6 0.927214
221.7 0.927244
221.8 0.927274
221.9 0.927304
222.0 0.927334
222.1 0.927365
222.2 0.927395
222.3 0.927425
222.4 0.927455
222.5 0.927485
222.6 0.927515
222.7 0.927545
222.8 0.927576
222.9 0.927606
223.0 0.927636
223.1 0.927666
223.2 0.927696
223.3 0.927726
223.4 0.927756
223.5 0.927786
223.6 0.927816
223.7 0.927846
223.8 0.927876
223.9 0.927906
224.0 0.927936
224.1 0.927965
224.2 0.927995
224.3 0.928025
224.4 0.928055
224.5 0.928085
224.6 0.928114
224.7 0.928144
224.8 0.928174
224.9 0.928204
225.0 0.928233
225.1 0.928263
225.2 0.928293
225.3 0.928323
225.4 0.928352
225.5 0.928382
225.6 0.928412
225.7 0.928441
225.8 0.928471
225.9 0.928501
226.0 0.928531
226.1 0.92856
226.2 0.92859
226.3 0.928619
226.4 0.928649
226.5 0.928679
226.6 0.928708
226.7 0.928738
226.8 0.928768
226.9 0.928797
227.0 0.928827
227.1 0.928856
227.2 0.928886
227.3 0.928915
227.4 0.928945
227.5 0.928974
227.6 0.929003
227.7 0.929033
227.8 0.929062
227.9 0.929092
228.0 0.929121
228.1 0.929151
228.2 0.92918
228.3 0.929209
228.4 0.929239
228.5 0.929268
228.6 0.929297
228.7 0.929327
228.8 0.929356
228.9 0.929386
229.0 0.929415
229.1 0.929444
229.2 0.929473
229.3 0.929503
229.4 0.929532
229.5 0.929561
229.6 0.929591
229.7 0.92962
229.8 0.929649
229.9 0.929678
230.0 0.929708
230.1 0.929737
230.2 0.929766
230.3 0.929795
230.4 0.929824
230.5 0.929853
230.6 0.929882
230.7 0.929911
230.8 0.929941
230.9 0.92997
231.0 0.929999
231.1 0.930028
231.2 0.930057
231.3 0.930086
231.4 0.930115
231.5 0.930144
231.6 0.930173
231.7 0.930202
231.8 0.930231
231.9 0.93026
232.0 0.930289
232.1 0.930318
232.2 0.930347
232.3 0.930376
232.4 0.930405
232.5 0.930434
232.6 0.930463
232.7 0.930492
232.8 0.93052
232.9 0.930549
233.0 0.930578
233.1 0.930607
233.2 0.930636
233.3 0.930665
233.4 0.930693
233.5 0.930722
233.6 0.930751
233.7 0.93078
233.8 0.930808
233.9 0.930837
234.0 0.930866
234.1 0.930895
234.2 0.930923
234.3 0.930952
234.4 0.930981
234.5 0.931009
234.6 0.931038
234.7 0.931067
234.8 0.931095
234.9 0.931124
235.0 0.931153
235.1 0.931181
235.2 0.93121
235.3 0.931238
235.4 0.931267
235.5 0.931296
235.6 0.931324
235.7 0.931353
235.8 0.931381
235.9 0.93141
236.0 0.931439
236.1 0.931467
236.2 0.931495
236.3 0.931524
236.4 0.931552
236.5 0.931581
236.6 0.931609
236.7 0.931637
236.8 0.931666
236.9 0.931694
237.0 0.931723
237.1 0.931751
237.2 0.931779
237.3 0.931808
237.4 0.931836
237.5 0.931864
237.6 0.931893
237.7 0.931921
237.8 0.931949
237.9 0.931978
238.0 0.932006
238.1 0.932034
238.2 0.932063
238.3 0.932091
238.4 0.932119
238.5 0.932147
238.6 0.932175
238.7 0.932204
238.8 0.932232
238.9 0.93226
239.0 0.932288
239.1 0.932317
239.2 0.932345
239.3 0.932373
239.4 0.932401
239.5 0.932429
239.6 0.932457
239.7 0.932485
239.8 0.932513
239.9 0.932541
240.0 0.932569
240.1 0.932597
240.2 0.932625
240.3 0.932653
240.4 0.932681
240.5 0.932709
240.6 0.932737
240.7 0.932765
240.8 0.932793
240.9 0.932821
241.0 0.932849
241.1 0.932877
241.2 0.932905
241.3 0.932933
241.4 0.932961
241.5 0.932988
241.6 0.933016
241.7 0.933044
241.8 0.933072
241.9 0.9331
242.0 0.933128
242.1 0.933156
242.2 0.933183
242.3 0.933211
242.4 0.933239
242.5 0.933266
242.6 0.933294
242.7 0.933322
242.8 0.93335
242.9 0.933377
243.0 0.933405
243.1 0.933433
243.2 0.93346
243.3 0.933488
243.4 0.933516
243.5 0.933543
243.6 0.933571
243.7 0.933599
243.8 0.933626
243.9 0.933654
244.0 0.933681
244.1 0.933709
244.2 0.933737
244.3 0.933764
244.4 0.933792
244.5 0.933819
244.6 0.933847
244.7 0.933874
244.8 0.933902
244.9 0.933929
245.0 0.933957
245.1 0.933984
245.2 0.934012
245.3 0.934039
245.4 0.934067
245.5 0.934094
245.6 0.934122
245.7 0.934149
245.8 0.934177
245.9 0.934204
246.0 0.934232
246.1 0.934259
246.2 0.934286
246.3 0.934314
246.4 0.934341
246.5 0.934368
246.6 0.934396
246.7 0.934423
246.8 0.934451
246.9 0.934478
247.0 0.934505
247.1 0.934532
247.2 0.93456
247.3 0.934587
247.4 0.934614
247.5 0.934641
247.6 0.934668
247.7 0.934696
247.8 0.934723
247.9 0.93475
248.0 0.934777
248.1 0.934804
248.2 0.934831
248.3 0.934859
248.4 0.934886
248.5 0.934913
248.6 0.93494
248.7 0.934967
248.8 0.934994
248.9 0.935021
249.0 0.935048
249.1 0.935075
249.2 0.935102
249.3 0.935129
249.4 0.935156
249.5 0.935183
249.6 0.93521
249.7 0.935237
249.8 0.935264
249.9 0.935291
250.0 0.935318
250.1 0.935345
250.2 0.935372
250.3 0.935399
250.4 0.935425
250.5 0.935452
250.6 0.935479
250.7 0.935506
250.8 0.935533
250.9 0.93556
251.0 0.935587
251.1 0.935614
251.2 0.935641
251.3 0.935667
251.4 0.935694
251.5 0.935721
251.6 0.935748
251.7 0.935774
251.8 0.935801
251.9 0.935828
252.0 0.935855
252.1 0.935881
252.2 0.935908
252.3 0.935935
252.4 0.935961
252.5 0.935988
252.6 0.936015
252.7 0.936041
252.8 0.936068
252.9 0.936095
253.0 0.936122
253.1 0.936148
253.2 0.936175
253.3 0.936201
253.4 0.936228
253.5 0.936254
253.6 0.936281
253.7 0.936308
253.8 0.936334
253.9 0.936361
254.0 0.936387
254.1 0.936414
254.2 0.93644
254.3 0.936467
254.4 0.936493
254.5 0.936519
254.6 0.936546
254.7 0.936572
254.8 0.936599
254.9 0.936625
255.0 0.936651
255.1 0.936678
255.2 0.936704
255.3 0.93673
255.4 0.936757
255.5 0.936783
255.6 0.936809
255.7 0.936836
255.8 0.936862
255.9 0.936888
256.0 0.936915
256.1 0.936941
256.2 0.936967
256.3 0.936993
256.4 0.93702
256.5 0.937046
256.6 0.937072
256.7 0.937098
256.8 0.937125
256.9 0.937151
257.0 0.937177
257.1 0.937203
257.2 0.937229
257.3 0.937256
257.4 0.937282
257.5 0.937308
257.6 0.937334
257.7 0.93736
257.8 0.937386
257.9 0.937412
258.0 0.937439
258.1 0.937465
258.2 0.937491
258.3 0.937517
258.4 0.937543
258.5 0.937569
258.6 0.937595
258.7 0.937621
258.8 0.937647
258.9 0.937673
259.0 0.937699
259.1 0.937725
259.2 0.937751
259.3 0.937777
259.4 0.937803
259.5 0.937829
259.6 0.937855
259.7 0.937881
259.8 0.937907
259.9 0.937933
260.0 0.937959
260.1 0.937985
260.2 0.938011
260.3 0.938036
260.4 0.938062
260.5 0.938088
260.6 0.938114
260.7 0.93814
260.8 0.938165
260.9 0.938191
261.0 0.938217
261.1 0.938243
261.2 0.938268
261.3 0.938294
261.4 0.93832
261.5 0.938346
261.6 0.938371
261.7 0.938397
261.8 0.938423
261.9 0.938448
262.0 0.938474
262.1 0.9385
262.2 0.938525
262.3 0.938551
262.4 0.938577
262.5 0.938602
262.6 0.938628
262.7 0.938653
262.8 0.938679
262.9 0.938705
263.0 0.93873
263.1 0.938756
263.2 0.938781
263.3 0.938807
263.4 0.938833
263.5 0.938858
263.6 0.938884
263.7 0.938909
263.8 0.938935
263.9 0.93896
264.0 0.938986
264.1 0.939011
264.2 0.939036
264.3 0.939062
264.4 0.939087
264.5 0.939113
264.6 0.939138
264.7 0.939163
264.8 0.939189
264.9 0.939214
265.0 0.939239
265.1 0.939265
265.2 0.93929
265.3 0.939315
265.4 0.939341
265.5 0.939366
265.6 0.939391
265.7 0.939417
265.8 0.939442
265.9 0.939468
266.0 0.939493
266.1 0.939518
266.2 0.939543
266.3 0.939568
266.4 0.939594
266.5 0.939619
266.6 0.939644
266.7 0.939669
266.8 0.939694
266.9 0.93972
267.0 0.939745
267.1 0.93977
267.2 0.939795
267.3 0.93982
267.4 0.939845
267.5 0.93987
267.6 0.939895
267.7 0.93992
267.8 0.939945
267.9 0.939971
268.0 0.939996
268.1 0.940021
268.2 0.940046
268.3 0.940071
268.4 0.940096
268.5 0.940121
268.6 0.940146
268.7 0.940171
268.8 0.940196
268.9 0.940221
269.0 0.940246
269.1 0.940271
269.2 0.940296
269.3 0.940321
269.4 0.940345
269.5 0.94037
269.6 0.940395
269.7 0.94042
269.8 0.940445
269.9 0.94047
270.0 0.940495
270.1 0.94052
270.2 0.940545
270.3 0.940569
270.4 0.940594
270.5 0.940619
270.6 0.940644
270.7 0.940669
270.8 0.940694
270.9 0.940718
271.0 0.940743
271.1 0.940768
271.2 0.940793
271.3 0.940817
271.4 0.940842
271.5 0.940867
271.6 0.940891
271.7 0.940916
271.8 0.94094
271.9 0.940965
272.0 0.94099
272.1 0.941014
272.2 0.941039
272.3 0.941064
272.4 0.941088
272.5 0.941113
272.6 0.941138
272.7 0.941162
272.8 0.941187
272.9 0.941212
273.0 0.941236
273.1 0.941261
273.2 0.941285
273.3 0.94131
273.4 0.941334
273.5 0.941359
273.6 0.941383
273.7 0.941408
273.8 0.941432
273.9 0.941457
274.0 0.941481
274.1 0.941505
274.2 0.94153
274.3 0.941554
274.4 0.941579
274.5 0.941603
274.6 0.941627
274.7 0.941652
274.8 0.941676
274.9 0.941701
275.0 0.941725
275.1 0.941749
275.2 0.941774
275.3 0.941798
275.4 0.941822
275.5 0.941846
275.6 0.941871
275.7 0.941895
275.8 0.941919
275.9 0.941944
276.0 0.941968
276.1 0.941992
276.2 0.942016
276.3 0.942041
276.4 0.942065
276.5 0.942089
276.6 0.942113
276.7 0.942137
276.8 0.942162
276.9 0.942186
277.0 0.94221
277.1 0.942234
277.2 0.942258
277.3 0.942282
277.4 0.942307
277.5 0.942331
277.6 0.942355
277.7 0.942379
277.8 0.942403
277.9 0.942427
278.0 0.942451
278.1 0.942475
278.2 0.942499
278.3 0.942523
278.4 0.942547
278.5 0.942572
278.6 0.942596
278.7 0.94262
278.8 0.942644
278.9 0.942668
279.0 0.942692
279.1 0.942716
279.2 0.94274
279.3 0.942764
279.4 0.942787
279.5 0.942811
279.6 0.942835
279.7 0.942859
279.8 0.942883
279.9 0.942907
280.0 0.942931
280.1 0.942955
280.2 0.942979
280.3 0.943002
280.4 0.943026
280.5 0.94305
280.6 0.943074
280.7 0.943098
280.8 0.943121
280.9 0.943145
281.0 0.943169
281.1 0.943193
281.2 0.943216
281.3 0.94324
281.4 0.943264
281.5 0.943288
281.6 0.943311
281.7 0.943335
281.8 0.943359
281.9 0.943383
282.0 0.943407
282.1 0.94343
282.2 0.943454
282.3 0.943477
282.4 0.943501
282.5 0.943524
282.6 0.943548
282.7 0.943572
282.8 0.943595
282.9 0.943619
283.0 0.943642
283.1 0.943666
283.2 0.943689
283.3 0.943713
283.4 0.943736
283.5 0.94376
283.6 0.943783
283.7 0.943807
283.8 0.94383
283.9 0.943854
284.0 0.943877
284.1 0.943901
284.2 0.943924
284.3 0.943948
284.4 0.943971
284.5 0.943995
284.6 0.944018
284.7 0.944042
284.8 0.944065
284.9 0.944089
285.0 0.944112
285.1 0.944136
285.2 0.944159
285.3 0.944182
285.4 0.944206
285.5 0.944229
285.6 0.944252
285.7 0.944276
285.8 0.944299
285.9 0.944322
286.0 0.944346
286.1 0.944369
286.2 0.944392
286.3 0.944415
286.4 0.944439
286.5 0.944462
286.6 0.944485
286.7 0.944508
286.8 0.944532
286.9 0.944555
287.0 0.944578
287.1 0.944601
287.2 0.944624
287.3 0.944647
287.4 0.944671
287.5 0.944694
287.6 0.944717
287.7 0.94474
287.8 0.944763
287.9 0.944786
288.0 0.944809
288.1 0.944833
288.2 0.944856
288.3 0.944879
288.4 0.944902
288.5 0.944925
288.6 0.944948
288.7 0.944971
288.8 0.944994
288.9 0.945017
289.0 0.94504
289.1 0.945063
289.2 0.945086
289.3 0.945109
289.4 0.945132
289.5 0.945155
289.6 0.945178
289.7 0.945201
289.8 0.945224
289.9 0.945247
290.0 0.94527
290.1 0.945293
290.2 0.945315
290.3 0.945338
290.4 0.945361
290.5 0.945384
290.6 0.945407
290.7 0.94543
290.8 0.945453
290.9 0.945476
291.0 0.945498
291.1 0.945521
291.2 0.945544
291.3 0.945567
291.4 0.94559
291.5 0.945612
291.6 0.945635
291.7 0.945658
291.8 0.945681
291.9 0.945704
292.0 0.945726
292.1 0.945749
292.2 0.945772
292.3 0.945794
292.4 0.945817
292.5 0.94584
292.6 0.945863
292.7 0.945885
292.8 0.945908
292.9 0.945931
293.0 0.945953
293.1 0.945976
293.2 0.945999
293.3 0.946021
293.4 0.946044
293.5 0.946066
293.6 0.946089
293.7 0.946112
293.8 0.946134
293.9 0.946157
294.0 0.946179
294.1 0.946202
294.2 0.946224
294.3 0.946247
294.4 0.946269
294.5 0.946292
294.6 0.946314
294.7 0.946336
294.8 0.946359
294.9 0.946381
295.0 0.946404
295.1 0.946426
295.2 0.946449
295.3 0.946471
295.4 0.946493
295.5 0.946516
295.6 0.946538
295.7 0.946561
295.8 0.946583
295.9 0.946606
296.0 0.946628
296.1 0.94665
296.2 0.946673
296.3 0.946695
296.4 0.946717
296.5 0.94674
296.6 0.946762
296.7 0.946784
296.8 0.946807
296.9 0.946829
297.0 0.946852
297.1 0.946874
297.2 0.946896
297.3 0.946918
297.4 0.946941
297.5 0.946963
297.6 0.946985
297.7 0.947007
297.8 0.94703
297.9 0.947052
298.0 0.947074
298.1 0.947096
298.2 0.947118
298.3 0.94714
298.4 0.947162
298.5 0.947184
298.6 0.947206
298.7 0.947229
298.8 0.947251
298.9 0.947273
299.0 0.947295
299.1 0.947317
299.2 0.947339
299.3 0.947361
299.4 0.947383
299.5 0.947405
299.6 0.947427
299.7 0.947449
299.8 0.947471
299.9 0.947493
300.0 0.947515
300.1 0.947537
300.2 0.947559
300.3 0.947581
300.4 0.947603
300.5 0.947625
300.6 0.947647
300.7 0.947669
300.8 0.947691
300.9 0.947713
301.0 0.947735
301.1 0.947757
301.2 0.947779
301.3 0.947801
301.4 0.947823
301.5 0.947845
301.6 0.947867
301.7 0.947889
301.8 0.94791
301.9 0.947932
302.0 0.947954
302.1 0.947976
302.2 0.947998
302.3 0.948019
302.4 0.948041
302.5 0.948063
302.6 0.948085
302.7 0.948106
302.8 0.948128
302.9 0.94815
303.0 0.948171
303.1 0.948193
303.2 0.948215
303.3 0.948237
303.4 0.948258
303.5 0.94828
303.6 0.948302
303.7 0.948323
303.8 0.948345
303.9 0.948367
304.0 0.948389
304.1 0.94841
304.2 0.948432
304.3 0.948453
304.4 0.948475
304.5 0.948497
304.6 0.948518
304.7 0.94854
304.8 0.948562
304.9 0.948583
305.0 0.948605
305.1 0.948626
305.2 0.948648
305.3 0.948669
305.4 0.948691
305.5 0.948712
305.6 0.948734
305.7 0.948756
305.8 0.948777
305.9 0.948799
306.0 0.94882
306.1 0.948842
306.2 0.948863
306.3 0.948884
306.4 0.948906
306.5 0.948927
306.6 0.948948
306.7 0.94897
306.8 0.948991
306.9 0.949012
307.0 0.949034
307.1 0.949055
307.2 0.949076
307.3 0.949098
307.4 0.949119
307.5 0.94914
307.6 0.949162
307.7 0.949183
307.8 0.949205
307.9 0.949226
308.0 0.949247
308.1 0.949268
308.2 0.94929
308.3 0.949311
308.4 0.949332
308.5 0.949354
308.6 0.949375
308.7 0.949396
308.8 0.949417
308.9 0.949439
309.0 0.94946
309.1 0.949481
309.2 0.949502
309.3 0.949523
309.4 0.949545
309.5 0.949566
309.6 0.949587
309.7 0.949608
309.8 0.949629
309.9 0.94965
310.0 0.949672
310.1 0.949693
310.2 0.949714
310.3 0.949735
310.4 0.949756
310.5 0.949777
310.6 0.949798
310.7 0.949819
310.8 0.94984
310.9 0.949861
311.0 0.949882
311.1 0.949903
311.2 0.949924
311.3 0.949945
311.4 0.949966
311.5 0.949987
311.6 0.950008
311.7 0.950029
311.8 0.95005
311.9 0.950071
312.0 0.950092
312.1 0.950113
312.2 0.950134
312.3 0.950155
312.4 0.950176
312.5 0.950197
312.6 0.950218
312.7 0.950239
312.8 0.95026
312.9 0.950281
313.0 0.950301
313.1 0.950322
313.2 0.950343
313.3 0.950364
313.4 0.950385
313.5 0.950406
313.6 0.950426
313.7 0.950447
313.8 0.950468
313.9 0.950489
314.0 0.95051
314.1 0.95053
314.2 0.950551
314.3 0.950572
314.4 0.950593
314.5 0.950613
314.6 0.950634
314.7 0.950655
314.8 0.950675
314.9 0.950696
315.0 0.950717
315.1 0.950738
315.2 0.950758
315.3 0.950779
315.4 0.9508
315.5 0.95082
315.6 0.950841
315.7 0.950862
315.8 0.950883
315.9 0.950903
316.0 0.950924
316.1 0.950945
316.2 0.950965
316.3 0.950986
316.4 0.951006
316.5 0.951027
316.6 0.951047
316.7 0.951068
316.8 0.951088
316.9 0.951109
317.0 0.95113
317.1 0.95115
317.2 0.95117
317.3 0.951191
317.4 0.951211
317.5 0.951232
317.6 0.951252
317.7 0.951273
317.8 0.951293
317.9 0.951314
318.0 0.951334
318.1 0.951355
318.2 0.951375
318.3 0.951395
318.4 0.951416
318.5 0.951436
318.6 0.951457
318.7 0.951477
318.8 0.951498
318.9 0.951518
319.0 0.951539
319.1 0.951559
319.2 0.951579
319.3 0.951599
319.4 0.95162
319.5 0.95164
319.6 0.95166
319.7 0.951681
319.8 0.951701
319.9 0.951721
320.0 0.951741
320.1 0.951762
320.2 0.951782
320.3 0.951802
320.4 0.951822
320.5 0.951843
320.6 0.951863
320.7 0.951883
320.8 0.951904
320.9 0.951924
321.0 0.951944
321.1 0.951964
321.2 0.951984
321.3 0.952005
321.4 0.952025
321.5 0.952045
321.6 0.952065
321.7 0.952085
321.8 0.952106
321.9 0.952126
322.0 0.952146
322.1 0.952166
322.2 0.952186
322.3 0.952206
322.4 0.952226
322.5 0.952246
322.6 0.952266
322.7 0.952286
322.8 0.952306
322.9 0.952326
323.0 0.952346
323.1 0.952366
323.2 0.952386
323.3 0.952406
323.4 0.952426
323.5 0.952446
323.6 0.952466
323.7 0.952486
323.8 0.952506
323.9 0.952526
324.0 0.952546
324.1 0.952566
324.2 0.952586
324.3 0.952606
324.4 0.952626
324.5 0.952645
324.6 0.952665
324.7 0.952685
324.8 0.952705
324.9 0.952725
325.0 0.952745
325.1 0.952765
325.2 0.952785
325.3 0.952804
325.4 0.952824
325.5 0.952844
325.6 0.952864
325.7 0.952884
325.8 0.952904
325.9 0.952923
326.0 0.952943
326.1 0.952963
326.2 0.952983
326.3 0.953002
326.4 0.953022
326.5 0.953042
326.6 0.953062
326.7 0.953081
326.8 0.953101
326.9 0.953121
327.0 0.95314
327.1 0.95316
327.2 0.95318
327.3 0.9532
327.4 0.953219
327.5 0.953239
327.6 0.953259
327.7 0.953279
327.8 0.953298
327.9 0.953318
328.0 0.953338
328.1 0.953357
328.2 0.953377
328.3 0.953396
328.4 0.953416
328.5 0.953436
328.6 0.953455
328.7 0.953475
328.8 0.953494
328.9 0.953514
329.0 0.953533
329.1 0.953553
329.2 0.953572
329.3 0.953592
329.4 0.953611
329.5 0.953631
329.6 0.953651
329.7 0.95367
329.8 0.95369
329.9 0.953709
330.0 0.953729
330.1 0.953748
330.2 0.953767
330.3 0.953787
330.4 0.953806
330.5 0.953826
330.6 0.953845
330.7 0.953864
330.8 0.953884
330.9 0.953903
331.0 0.953922
331.1 0.953942
331.2 0.953961
331.3 0.95398
331.4 0.954
331.5 0.954019
331.6 0.954039
331.7 0.954058
331.8 0.954077
331.9 0.954097
332.0 0.954116
332.1 0.954135
332.2 0.954155
332.3 0.954174
332.4 0.954193
332.5 0.954212
332.6 0.954232
332.7 0.954251
332.8 0.95427
332.9 0.954289
333.0 0.954309
333.1 0.954328
333.2 0.954347
333.3 0.954366
333.4 0.954386
333.5 0.954405
333.6 0.954424
333.7 0.954443
333.8 0.954462
333.9 0.954481
334.0 0.954501
334.1 0.95452
334.2 0.954539
334.3 0.954558
334.4 0.954577
334.5 0.954596
334.6 0.954615
334.7 0.954634
334.8 0.954653
334.9 0.954672
335.0 0.954692
335.1 0.954711
335.2 0.95473
335.3 0.954749
335.4 0.954768
335.5 0.954787
335.6 0.954806
335.7 0.954825
335.8 0.954844
335.9 0.954863
336.0 0.954882
336.1 0.954901
336.2 0.95492
336.3 0.954939
336.4 0.954958
336.5 0.954977
336.6 0.954996
336.7 0.955015
336.8 0.955034
336.9 0.955053
337.0 0.955072
337.1 0.95509
337.2 0.955109
337.3 0.955128
337.4 0.955147
337.5 0.955166
337.6 0.955184
337.7 0.955203
337.8 0.955222
337.9 0.955241
338.0 0.95526
338.1 0.955279
338.2 0.955297
338.3 0.955316
338.4 0.955335
338.5 0.955354
338.6 0.955373
338.7 0.955391
338.8 0.95541
338.9 0.955429
339.0 0.955448
339.1 0.955467
339.2 0.955485
339.3 0.955504
339.4 0.955523
339.5 0.955542
339.6 0.95556
339.7 0.955579
339.8 0.955598
339.9 0.955616
340.0 0.955635
340.1 0.955654
340.2 0.955673
340.3 0.955691
340.4 0.95571
340.5 0.955728
340.6 0.955747
340.7 0.955766
340.8 0.955784
340.9 0.955803
341.0 0.955822
341.1 0.95584
341.2 0.955859
341.3 0.955877
341.4 0.955896
341.5 0.955914
341.6 0.955933
341.7 0.955951
341.8 0.95597
341.9 0.955988
342.0 0.956007
342.1 0.956026
342.2 0.956044
342.3 0.956063
342.4 0.956081
342.5 0.9561
342.6 0.956118
342.7 0.956137
342.8 0.956155
342.9 0.956174
343.0 0.956193
343.1 0.956211
343.2 0.956229
343.3 0.956248
343.4 0.956266
343.5 0.956284
343.6 0.956303
343.7 0.956321
343.8 0.956339
343.9 0.956358
344.0 0.956376
344.1 0.956394
344.2 0.956413
344.3 0.956431
344.4 0.95645
344.5 0.956468
344.6 0.956486
344.7 0.956505
344.8 0.956523
344.9 0.956541
345.0 0.95656
345.1 0.956578
345.2 0.956596
345.3 0.956615
345.4 0.956633
345.5 0.956651
345.6 0.956669
345.7 0.956688
345.8 0.956706
345.9 0.956724
346.0 0.956742
346.1 0.956761
346.2 0.956779
346.3 0.956797
346.4 0.956815
346.5 0.956833
346.6 0.956852
346.7 0.95687
346.8 0.956888
346.9 0.956906
347.0 0.956924
347.1 0.956942
347.2 0.95696
347.3 0.956979
347.4 0.956997
347.5 0.957015
347.6 0.957033
347.7 0.957051
347.8 0.957069
347.9 0.957087
348.0 0.957105
348.1 0.957123
348.2 0.957141
348.3 0.957159
348.4 0.957178
348.5 0.957196
348.6 0.957214
348.7 0.957232
348.8 0.95725
348.9 0.957268
349.0 0.957286
349.1 0.957304
349.2 0.957322
349.3 0.95734
349.4 0.957358
349.5 0.957376
349.6 0.957393
349.7 0.957411
349.8 0.957429
349.9 0.957447
350.0 0.957465
350.1 0.957483
350.2 0.957501
350.3 0.957519
350.4 0.957537
350.5 0.957555
350.6 0.957573
350.7 0.95759
350.8 0.957608
350.9 0.957626
351.0 0.957644
351.1 0.957662
351.2 0.95768
351.3 0.957698
351.4 0.957715
351.5 0.957733
351.6 0.957751
351.7 0.957769
351.8 0.957787
351.9 0.957804
352.0 0.957822
352.1 0.95784
352.2 0.957858
352.3 0.957875
352.4 0.957893
352.5 0.957911
352.6 0.957929
352.7 0.957946
352.8 0.957964
352.9 0.957982
353.0 0.958
353.1 0.958017
353.2 0.958035
353.3 0.958053
353.4 0.95807
353.5 0.958088
353.6 0.958106
353.7 0.958124
353.8 0.958141
353.9 0.958159
354.0 0.958177
354.1 0.958194
354.2 0.958212
354.3 0.95823
354.4 0.958247
354.5 0.958265
354.6 0.958283
354.7 0.9583
354.8 0.958318
354.9 0.958335
355.0 0.958353
355.1 0.958371
355.2 0.958388
355.3 0.958405
355.4 0.958423
355.5 0.95844
355.6 0.958458
355.7 0.958475
355.8 0.958493
355.9 0.95851
356.0 0.958528
356.1 0.958545
356.2 0.958562
356.3 0.95858
356.4 0.958597
356.5 0.958615
356.6 0.958632
356.7 0.95865
356.8 0.958667
356.9 0.958685
357.0 0.958702
357.1 0.958719
357.2 0.958737
357.3 0.958754
357.4 0.958772
357.5 0.958789
357.6 0.958807
357.7 0.958824
357.8 0.958842
357.9 0.958859
358.0 0.958876
358.1 0.958894
358.2 0.958911
358.3 0.958928
358.4 0.958946
358.5 0.958963
358.6 0.95898
358.7 0.958997
358.8 0.959015
358.9 0.959032
359.0 0.959049
359.1 0.959066
359.2 0.959084
359.3 0.959101
359.4 0.959118
359.5 0.959135
359.6 0.959153
359.7 0.95917
359.8 0.959187
359.9 0.959204
360.0 0.959222
360.1 0.959239
360.2 0.959256
360.3 0.959273
360.4 0.95929
360.5 0.959308
360.6 0.959325
360.7 0.959342
360.8 0.959359
360.9 0.959376
361.0 0.959393
361.1 0.959411
361.2 0.959428
361.3 0.959445
361.4 0.959462
361.5 0.959479
361.6 0.959496
361.7 0.959513
361.8 0.95953
361.9 0.959547
362.0 0.959564
362.1 0.959581
362.2 0.959598
362.3 0.959615
362.4 0.959633
362.5 0.95965
362.6 0.959667
362.7 0.959684
362.8 0.959701
362.9 0.959718
363.0 0.959735
363.1 0.959752
363.2 0.959769
363.3 0.959786
363.4 0.959803
363.5 0.95982
363.6 0.959836
363.7 0.959853
363.8 0.95987
363.9 0.959887
364.0 0.959904
364.1 0.959921
364.2 0.959938
364.3 0.959955
364.4 0.959972
364.5 0.959988
364.6 0.960005
364.7 0.960022
364.8 0.960039
364.9 0.960056
